##TITLE= cawurst-40, 1.3392ms, 2.761740 W
##JCAMP-DX= 5.00 Bruker JCAMP library 
##DATA TYPE= Shape Data 
##ORIGIN= Bruker BioSpin GmbH 
##OWNER= <WaveMaker> 
##DATE= Jul 23 2019 
##TIME= 02:13:41 
##$SHAPE_PARAMETERS= Type: cawurst-40
##MINX= 0.079882 
##MAXX= 100.000000 
##MINY= 0.000000 
##MAXY= 360.000000 
##$SHAPE_EXMODE= Adiabatic
##$SHAPE_TOTROT= 180.00 
##$SHAPE_TYPE= Inversion
##$SHAPE_USER_DEF= Tp=1339.2000 us, gB1max=5473.1 Hz, f1=-63379.2 Hz, f2=63379.2 Hz
##$SHAPE_REPHFAC= 
##$SHAPE_BWFAC= 56.585 
##$SHAPE_BWFAC50= 
##$SHAPE_INTEGFAC= 0.068217 
##$SHAPE_MODE= 0 
##NPOINTS= 496 
##XYPOINTS= (XY..XY) 
7.988152e-002,  2.838141e+001 
3.191498e-001,  7.945150e+000 
7.166789e-001,  3.475089e+002 
1.270602e+000,  3.270726e+002 
1.978325e+000,  3.066364e+002 
2.836548e+000,  2.862002e+002 
3.841288e+000,  2.657641e+002 
4.987914e+000,  2.453281e+002 
6.271174e+000,  2.248923e+002 
7.685244e+000,  2.044570e+002 
9.223763e+000,  1.840222e+002 
1.087988e+001,  1.635883e+002 
1.264633e+001,  1.431555e+002 
1.451542e+001,  1.227244e+002 
1.647917e+001,  1.022952e+002 
1.852930e+001,  8.186882e+001 
2.065733e+001,  6.144577e+001 
2.285462e+001,  4.102694e+001 
2.511240e+001,  2.061325e+001 
2.742189e+001,  2.057800e-001 
2.977430e+001,  3.398057e+002 
3.216091e+001,  3.194144e+002 
3.457312e+001,  2.990333e+002 
3.700249e+001,  2.786640e+002 
3.944078e+001,  2.583081e+002 
4.188003e+001,  2.379676e+002 
4.431256e+001,  2.176444e+002 
4.673101e+001,  1.973406e+002 
4.912841e+001,  1.770582e+002 
5.149817e+001,  1.567997e+002 
5.383410e+001,  1.365673e+002 
5.613047e+001,  1.163635e+002 
5.838198e+001,  9.619078e+001 
6.058382e+001,  7.605164e+001 
6.273162e+001,  5.594868e+001 
6.482150e+001,  3.588452e+001 
6.685007e+001,  1.586179e+001 
6.881437e+001,  3.558831e+002 
7.071194e+001,  3.359511e+002 
7.254075e+001,  3.160684e+002 
7.429922e+001,  2.962376e+002 
7.598620e+001,  2.764612e+002 
7.760092e+001,  2.567418e+002 
7.914302e+001,  2.370817e+002 
8.061250e+001,  2.174833e+002 
8.200968e+001,  1.979490e+002 
8.333522e+001,  1.784811e+002 
8.459005e+001,  1.590815e+002 
8.577538e+001,  1.397526e+002 
8.689265e+001,  1.204962e+002 
8.794352e+001,  1.013142e+002 
8.892982e+001,  8.220842e+001 
8.985355e+001,  6.318065e+001 
9.071685e+001,  4.423247e+001 
9.152197e+001,  2.536543e+001 
9.227125e+001,  6.580970e+000 
9.296710e+001,  3.478804e+002 
9.361197e+001,  3.292651e+002 
9.420834e+001,  3.107362e+002 
9.475870e+001,  2.922948e+002 
9.526554e+001,  2.739419e+002 
9.573133e+001,  2.556785e+002 
9.615848e+001,  2.375054e+002 
9.654939e+001,  2.194235e+002 
9.690637e+001,  2.014335e+002 
9.723169e+001,  1.835360e+002 
9.752754e+001,  1.657318e+002 
9.779601e+001,  1.480214e+002 
9.803912e+001,  1.304052e+002 
9.825881e+001,  1.128838e+002 
9.845691e+001,  9.545757e+001 
9.863516e+001,  7.812692e+001 
9.879521e+001,  6.089219e+001 
9.893861e+001,  4.375369e+001 
9.906681e+001,  2.671169e+001 
9.918119e+001,  9.766440e+000 
9.928300e+001,  3.529182e+002 
9.937344e+001,  3.361671e+002 
9.945360e+001,  3.195134e+002 
9.952449e+001,  3.029572e+002 
9.958704e+001,  2.864986e+002 
9.964212e+001,  2.701378e+002 
9.969051e+001,  2.538749e+002 
9.973293e+001,  2.377100e+002 
9.977003e+001,  2.216431e+002 
9.980240e+001,  2.056744e+002 
9.983059e+001,  1.898039e+002 
9.985507e+001,  1.740316e+002 
9.987629e+001,  1.583576e+002 
9.989464e+001,  1.427820e+002 
9.991047e+001,  1.273048e+002 
9.992409e+001,  1.119259e+002 
9.993579e+001,  9.664555e+001 
9.994581e+001,  8.146362e+001 
9.995437e+001,  6.638017e+001 
9.996167e+001,  5.139521e+001 
9.996788e+001,  3.650877e+001 
9.997315e+001,  2.172086e+001 
9.997761e+001,  7.031480e+000 
9.998137e+001,  3.524406e+002 
9.998454e+001,  3.379484e+002 
9.998720e+001,  3.235546e+002 
9.998943e+001,  3.092595e+002 
9.999129e+001,  2.950629e+002 
9.999284e+001,  2.809648e+002 
9.999414e+001,  2.669654e+002 
9.999521e+001,  2.530645e+002 
9.999609e+001,  2.392622e+002 
9.999682e+001,  2.255585e+002 
9.999742e+001,  2.119534e+002 
9.999792e+001,  1.984468e+002 
9.999832e+001,  1.850389e+002 
9.999865e+001,  1.717295e+002 
9.999892e+001,  1.585187e+002 
9.999913e+001,  1.454065e+002 
9.999931e+001,  1.323928e+002 
9.999945e+001,  1.194778e+002 
9.999956e+001,  1.066613e+002 
9.999966e+001,  9.394348e+001 
9.999973e+001,  8.132420e+001 
9.999979e+001,  6.880351e+001 
9.999983e+001,  5.638141e+001 
9.999987e+001,  4.405790e+001 
9.999990e+001,  3.183297e+001 
9.999992e+001,  1.970663e+001 
9.999994e+001,  7.678880e+000 
9.999995e+001,  3.557497e+002 
9.999996e+001,  3.439192e+002 
9.999997e+001,  3.321872e+002 
9.999998e+001,  3.205538e+002 
9.999998e+001,  3.090190e+002 
9.999999e+001,  2.975827e+002 
9.999999e+001,  2.862451e+002 
9.999999e+001,  2.750061e+002 
9.999999e+001,  2.638656e+002 
1.000000e+002,  2.528237e+002 
1.000000e+002,  2.418805e+002 
1.000000e+002,  2.310358e+002 
1.000000e+002,  2.202896e+002 
1.000000e+002,  2.096421e+002 
1.000000e+002,  1.990932e+002 
1.000000e+002,  1.886429e+002 
1.000000e+002,  1.782911e+002 
1.000000e+002,  1.680380e+002 
1.000000e+002,  1.578834e+002 
1.000000e+002,  1.478274e+002 
1.000000e+002,  1.378700e+002 
1.000000e+002,  1.280112e+002 
1.000000e+002,  1.182510e+002 
1.000000e+002,  1.085893e+002 
1.000000e+002,  9.902627e+001 
1.000000e+002,  8.956181e+001 
1.000000e+002,  8.019594e+001 
1.000000e+002,  7.092866e+001 
1.000000e+002,  6.175996e+001 
1.000000e+002,  5.268985e+001 
1.000000e+002,  4.371834e+001 
1.000000e+002,  3.484541e+001 
1.000000e+002,  2.607106e+001 
1.000000e+002,  1.739531e+001 
1.000000e+002,  8.818140e+000 
1.000000e+002,  3.395600e-001 
1.000000e+002,  3.519596e+002 
1.000000e+002,  3.436782e+002 
1.000000e+002,  3.354954e+002 
1.000000e+002,  3.274111e+002 
1.000000e+002,  3.194255e+002 
1.000000e+002,  3.115385e+002 
1.000000e+002,  3.037500e+002 
1.000000e+002,  2.960601e+002 
1.000000e+002,  2.884688e+002 
1.000000e+002,  2.809761e+002 
1.000000e+002,  2.735820e+002 
1.000000e+002,  2.662865e+002 
1.000000e+002,  2.590896e+002 
1.000000e+002,  2.519912e+002 
1.000000e+002,  2.449915e+002 
1.000000e+002,  2.380903e+002 
1.000000e+002,  2.312877e+002 
1.000000e+002,  2.245837e+002 
1.000000e+002,  2.179783e+002 
1.000000e+002,  2.114715e+002 
1.000000e+002,  2.050633e+002 
1.000000e+002,  1.987536e+002 
1.000000e+002,  1.925426e+002 
1.000000e+002,  1.864301e+002 
1.000000e+002,  1.804162e+002 
1.000000e+002,  1.745010e+002 
1.000000e+002,  1.686843e+002 
1.000000e+002,  1.629662e+002 
1.000000e+002,  1.573466e+002 
1.000000e+002,  1.518257e+002 
1.000000e+002,  1.464033e+002 
1.000000e+002,  1.410796e+002 
1.000000e+002,  1.358544e+002 
1.000000e+002,  1.307278e+002 
1.000000e+002,  1.256999e+002 
1.000000e+002,  1.207704e+002 
1.000000e+002,  1.159396e+002 
1.000000e+002,  1.112074e+002 
1.000000e+002,  1.065738e+002 
1.000000e+002,  1.020387e+002 
1.000000e+002,  9.760223e+001 
1.000000e+002,  9.326436e+001 
1.000000e+002,  8.902507e+001 
1.000000e+002,  8.488437e+001 
1.000000e+002,  8.084226e+001 
1.000000e+002,  7.689873e+001 
1.000000e+002,  7.305379e+001 
1.000000e+002,  6.930745e+001 
1.000000e+002,  6.565969e+001 
1.000000e+002,  6.211051e+001 
1.000000e+002,  5.865993e+001 
1.000000e+002,  5.530793e+001 
1.000000e+002,  5.205453e+001 
1.000000e+002,  4.889971e+001 
1.000000e+002,  4.584347e+001 
1.000000e+002,  4.288583e+001 
1.000000e+002,  4.002678e+001 
1.000000e+002,  3.726631e+001 
1.000000e+002,  3.460443e+001 
1.000000e+002,  3.204114e+001 
1.000000e+002,  2.957643e+001 
1.000000e+002,  2.721032e+001 
1.000000e+002,  2.494279e+001 
1.000000e+002,  2.277385e+001 
1.000000e+002,  2.070350e+001 
1.000000e+002,  1.873174e+001 
1.000000e+002,  1.685857e+001 
1.000000e+002,  1.508398e+001 
1.000000e+002,  1.340798e+001 
1.000000e+002,  1.183057e+001 
1.000000e+002,  1.035175e+001 
1.000000e+002,  8.971520e+000 
1.000000e+002,  7.689870e+000 
1.000000e+002,  6.506820e+000 
1.000000e+002,  5.422350e+000 
1.000000e+002,  4.436470e+000 
1.000000e+002,  3.549170e+000 
1.000000e+002,  2.760470e+000 
1.000000e+002,  2.070350e+000 
1.000000e+002,  1.478820e+000 
1.000000e+002,  9.858800e-001 
1.000000e+002,  5.915300e-001 
1.000000e+002,  2.957600e-001 
1.000000e+002,  9.859000e-002 
1.000000e+002,  0.000000e+000 
1.000000e+002,  0.000000e+000 
1.000000e+002,  9.859000e-002 
1.000000e+002,  2.957600e-001 
1.000000e+002,  5.915300e-001 
1.000000e+002,  9.858800e-001 
1.000000e+002,  1.478820e+000 
1.000000e+002,  2.070350e+000 
1.000000e+002,  2.760470e+000 
1.000000e+002,  3.549170e+000 
1.000000e+002,  4.436470e+000 
1.000000e+002,  5.422350e+000 
1.000000e+002,  6.506820e+000 
1.000000e+002,  7.689870e+000 
1.000000e+002,  8.971520e+000 
1.000000e+002,  1.035175e+001 
1.000000e+002,  1.183057e+001 
1.000000e+002,  1.340798e+001 
1.000000e+002,  1.508398e+001 
1.000000e+002,  1.685857e+001 
1.000000e+002,  1.873174e+001 
1.000000e+002,  2.070350e+001 
1.000000e+002,  2.277385e+001 
1.000000e+002,  2.494279e+001 
1.000000e+002,  2.721032e+001 
1.000000e+002,  2.957643e+001 
1.000000e+002,  3.204114e+001 
1.000000e+002,  3.460443e+001 
1.000000e+002,  3.726631e+001 
1.000000e+002,  4.002678e+001 
1.000000e+002,  4.288583e+001 
1.000000e+002,  4.584347e+001 
1.000000e+002,  4.889971e+001 
1.000000e+002,  5.205453e+001 
1.000000e+002,  5.530793e+001 
1.000000e+002,  5.865993e+001 
1.000000e+002,  6.211051e+001 
1.000000e+002,  6.565969e+001 
1.000000e+002,  6.930745e+001 
1.000000e+002,  7.305379e+001 
1.000000e+002,  7.689873e+001 
1.000000e+002,  8.084226e+001 
1.000000e+002,  8.488437e+001 
1.000000e+002,  8.902507e+001 
1.000000e+002,  9.326436e+001 
1.000000e+002,  9.760223e+001 
1.000000e+002,  1.020387e+002 
1.000000e+002,  1.065738e+002 
1.000000e+002,  1.112074e+002 
1.000000e+002,  1.159396e+002 
1.000000e+002,  1.207704e+002 
1.000000e+002,  1.256999e+002 
1.000000e+002,  1.307278e+002 
1.000000e+002,  1.358544e+002 
1.000000e+002,  1.410796e+002 
1.000000e+002,  1.464033e+002 
1.000000e+002,  1.518257e+002 
1.000000e+002,  1.573466e+002 
1.000000e+002,  1.629662e+002 
1.000000e+002,  1.686843e+002 
1.000000e+002,  1.745010e+002 
1.000000e+002,  1.804162e+002 
1.000000e+002,  1.864301e+002 
1.000000e+002,  1.925426e+002 
1.000000e+002,  1.987536e+002 
1.000000e+002,  2.050633e+002 
1.000000e+002,  2.114715e+002 
1.000000e+002,  2.179783e+002 
1.000000e+002,  2.245837e+002 
1.000000e+002,  2.312877e+002 
1.000000e+002,  2.380903e+002 
1.000000e+002,  2.449915e+002 
1.000000e+002,  2.519912e+002 
1.000000e+002,  2.590896e+002 
1.000000e+002,  2.662865e+002 
1.000000e+002,  2.735820e+002 
1.000000e+002,  2.809761e+002 
1.000000e+002,  2.884688e+002 
1.000000e+002,  2.960601e+002 
1.000000e+002,  3.037500e+002 
1.000000e+002,  3.115385e+002 
1.000000e+002,  3.194255e+002 
1.000000e+002,  3.274111e+002 
1.000000e+002,  3.354954e+002 
1.000000e+002,  3.436782e+002 
1.000000e+002,  3.519596e+002 
1.000000e+002,  3.395600e-001 
1.000000e+002,  8.818140e+000 
1.000000e+002,  1.739531e+001 
1.000000e+002,  2.607106e+001 
1.000000e+002,  3.484541e+001 
1.000000e+002,  4.371834e+001 
1.000000e+002,  5.268985e+001 
1.000000e+002,  6.175996e+001 
1.000000e+002,  7.092866e+001 
1.000000e+002,  8.019594e+001 
1.000000e+002,  8.956181e+001 
1.000000e+002,  9.902627e+001 
1.000000e+002,  1.085893e+002 
1.000000e+002,  1.182510e+002 
1.000000e+002,  1.280112e+002 
1.000000e+002,  1.378700e+002 
1.000000e+002,  1.478274e+002 
1.000000e+002,  1.578834e+002 
1.000000e+002,  1.680380e+002 
1.000000e+002,  1.782911e+002 
1.000000e+002,  1.886429e+002 
1.000000e+002,  1.990932e+002 
1.000000e+002,  2.096421e+002 
1.000000e+002,  2.202896e+002 
1.000000e+002,  2.310358e+002 
1.000000e+002,  2.418805e+002 
1.000000e+002,  2.528237e+002 
1.000000e+002,  2.638656e+002 
1.000000e+002,  2.750061e+002 
9.999999e+001,  2.862451e+002 
9.999999e+001,  2.975827e+002 
9.999999e+001,  3.090190e+002 
9.999999e+001,  3.205538e+002 
9.999998e+001,  3.321872e+002 
9.999998e+001,  3.439192e+002 
9.999997e+001,  3.557497e+002 
9.999996e+001,  7.678880e+000 
9.999995e+001,  1.970663e+001 
9.999994e+001,  3.183297e+001 
9.999992e+001,  4.405790e+001 
9.999990e+001,  5.638141e+001 
9.999987e+001,  6.880351e+001 
9.999983e+001,  8.132420e+001 
9.999979e+001,  9.394348e+001 
9.999973e+001,  1.066614e+002 
9.999966e+001,  1.194778e+002 
9.999956e+001,  1.323928e+002 
9.999945e+001,  1.454065e+002 
9.999931e+001,  1.585187e+002 
9.999913e+001,  1.717295e+002 
9.999892e+001,  1.850389e+002 
9.999865e+001,  1.984468e+002 
9.999832e+001,  2.119534e+002 
9.999792e+001,  2.255586e+002 
9.999742e+001,  2.392623e+002 
9.999682e+001,  2.530646e+002 
9.999609e+001,  2.669655e+002 
9.999521e+001,  2.809649e+002 
9.999414e+001,  2.950630e+002 
9.999284e+001,  3.092596e+002 
9.999129e+001,  3.235548e+002 
9.998943e+001,  3.379486e+002 
9.998720e+001,  3.524409e+002 
9.998454e+001,  7.031850e+000 
9.998137e+001,  2.172131e+001 
9.997761e+001,  3.650932e+001 
9.997315e+001,  5.139588e+001 
9.996788e+001,  6.638097e+001 
9.996167e+001,  8.146459e+001 
9.995437e+001,  9.664672e+001 
9.994581e+001,  1.119273e+002 
9.993579e+001,  1.273065e+002 
9.992409e+001,  1.427840e+002 
9.991047e+001,  1.583600e+002 
9.989464e+001,  1.740344e+002 
9.987629e+001,  1.898073e+002 
9.985507e+001,  2.056784e+002 
9.983059e+001,  2.216478e+002 
9.980240e+001,  2.377156e+002 
9.977003e+001,  2.538815e+002 
9.973293e+001,  2.701455e+002 
9.969051e+001,  2.865076e+002 
9.964212e+001,  3.029677e+002 
9.958704e+001,  3.195256e+002 
9.952449e+001,  3.361814e+002 
9.945360e+001,  3.529347e+002 
9.937344e+001,  9.785650e+000 
9.928300e+001,  2.673391e+001 
9.918119e+001,  4.377934e+001 
9.906681e+001,  6.092176e+001 
9.893861e+001,  7.816094e+001 
9.879521e+001,  9.549662e+001 
9.863516e+001,  1.129285e+002 
9.845691e+001,  1.304563e+002 
9.825881e+001,  1.480797e+002 
9.803912e+001,  1.657983e+002 
9.779601e+001,  1.836117e+002 
9.752754e+001,  2.015193e+002 
9.723169e+001,  2.195207e+002 
9.690637e+001,  2.376153e+002 
9.654939e+001,  2.558025e+002 
9.615848e+001,  2.740816e+002 
9.573133e+001,  2.924518e+002 
9.526554e+001,  3.109124e+002 
9.475870e+001,  3.294625e+002 
9.420834e+001,  3.481011e+002 
9.361197e+001,  6.827200e+000 
9.296710e+001,  2.563969e+001 
9.227125e+001,  4.453739e+001 
9.152197e+001,  6.351903e+001 
9.071685e+001,  8.258325e+001 
8.985355e+001,  1.017286e+002 
8.892982e+001,  1.209536e+002 
8.794352e+001,  1.402565e+002 
8.689265e+001,  1.596356e+002 
8.577538e+001,  1.790892e+002 
8.459005e+001,  1.986154e+002 
8.333522e+001,  2.182121e+002 
8.200968e+001,  2.378772e+002 
8.061250e+001,  2.576087e+002 
7.914302e+001,  2.774042e+002 
7.760092e+001,  2.972615e+002 
7.598620e+001,  3.171781e+002 
7.429922e+001,  3.371517e+002 
7.254075e+001,  3.571797e+002 
7.071194e+001,  1.725954e+001 
6.881437e+001,  3.738871e+001 
6.685007e+001,  5.756456e+001 
6.482150e+001,  7.778447e+001 
6.273162e+001,  9.804581e+001 
6.058382e+001,  1.183459e+002 
5.838198e+001,  1.386823e+002 
5.613047e+001,  1.590522e+002 
5.383410e+001,  1.794532e+002 
5.149817e+001,  1.998827e+002 
4.912841e+001,  2.203384e+002 
4.673101e+001,  2.408179e+002 
4.431256e+001,  2.613189e+002 
4.188003e+001,  2.818393e+002 
3.944078e+001,  3.023770e+002 
3.700249e+001,  3.229300e+002 
3.457312e+001,  3.434965e+002 
3.216091e+001,  4.074820e+000 
2.977430e+001,  2.466332e+001 
2.742189e+001,  4.526055e+001 
2.511240e+001,  6.586519e+001 
2.285462e+001,  8.647606e+001 
2.065733e+001,  1.070921e+002 
1.852930e+001,  1.277123e+002 
1.647917e+001,  1.483359e+002 
1.451542e+001,  1.689622e+002 
1.264633e+001,  1.895905e+002 
1.087988e+001,  2.102205e+002 
9.223763e+000,  2.308516e+002 
7.685244e+000,  2.514835e+002 
6.271174e+000,  2.721160e+002 
4.987914e+000,  2.927489e+002 
3.841288e+000,  3.133821e+002 
2.836548e+000,  3.340154e+002 
1.978325e+000,  3.546488e+002 
1.270602e+000,  1.528221e+001 
7.166789e-001,  3.591565e+001 
3.191498e-001,  5.654909e+001 
7.988152e-002,  7.718253e+001 
##END 
