##TITLE= Parameter file, TopSpin 3.6.2
##JCAMPDX= 5.0
##DATATYPE= Parameter Values
##NPOINTS= 1	$$ modification sequence number
##ORIGIN= Bruker BioSpin GmbH
##OWNER= nmrsu
$$ 2020-02-28 11:44:14.061 +0100  nmrsu@AVHD600
$$ C:/NMR-Data/disk2/nmrsu/PSP-SSEA-3/7/pdata/1/clevels
$$ process C:\Bruker\TopSpin3.6.2\prog\mod\dirdata.exe
##$LEVELS= (0..255)
-22176.6773348163 -20021.980945984 -18076.6358706038 -16320.3014367038
-14734.6132815575 -13302.9913325485 -12010.4664447057 -10843.5238822159
-9789.96200734722 -8838.7646992221 -7979.98616844315 -7204.64696318349
-6504.64007937446 -5872.64619327149 -5302.05713006381 -4786.90676830986
-4321.80865773037 -3901.8996980858 -3522.7892902407 -3180.51342773438 3180.51342773438
3522.7892902407 3901.8996980858 4321.80865773037 4786.90676830986 5302.05713006381
5872.64619327149 6504.64007937446 7204.64696318349 7979.98616844315 8838.7646992221
9789.96200734722 10843.5238822159 12010.4664447057 13302.9913325485 14734.6132815575
16320.3014367038 18076.6358706038 20021.980945984 22176.6773348163 0 0
0 0 0 0 0 0 0 0 0 0 0 0 0 0 0 0 0 0 0 0 0 0 0 0 0 0 0 0 0 0 0 0 0 0 0 0
0 0 0 0 0 0 0 0 0 0 0 0 0 0 0 0 0 0 0 0 0 0 0 0 0 0 0 0 0 0 0 0 0 0 0 0
0 0 0 0 0 0 0 0 0 0 0 0 0 0 0 0 0 0 0 0 0 0 0 0 0 0 0 0 0 0 0 0 0 0 0 0
0 0 0 0 0 0 0 0 0 0 0 0 0 0 0 0 0 0 0 0 0 0 0 0 0 0 0 0 0 0 0 0 0 0 0 0
0 0 0 0 0 0 0 0 0 0 0 0 0 0 0 0 0 0 0 0 0 0 0 0 0 0 0 0 0 0 0 0 0 0 0 0
0 0 0 0 0 0 0 0 0 0 0 0 0 0 0 0 0 0 0 0 0 0 0 0 0 0 0 0 0 0 0 0 0 0
##$LEVSIGN= 0
##$MAXLEV= 20
##$METHOD= 0
##$NEGBASE= -3180.51342773438
##$NEGINCR= 1.10761654376984
##$POSBASE= 3180.51342773438
##$POSINCR= 1.10761654376984
##END=
