##TITLE= Parameter file, TopSpin 4.1.0
##JCAMPDX= 5.0
##DATATYPE= Parameter Values
##NPOINTS= 16	$$ modification sequence number
##ORIGIN= Bruker BioSpin GmbH
##OWNER= cor3e0
$$ 2022-01-07 12:49:28.504 +0100  torsten@Lamor
$$ Z:/Torsten/NMR/data/spek-vl_premium/nmr/Ibuprofen/5/pdata/1/clevels
$$ process C:\Bruker\TopSpin4.1.0\prog\mod\dataserver.exe
##$LEVELS= (0..255)
-29132195.1 -22409380.8 -17237985.3 -13259988.7 -10199991.3 -7846147.1
-6035497.8 -4642690.6 -3571300.5 -2747154.2 -2113195.5 -1625535 -1250411.6
-961855.1 -739888.5 -569145 569145 739888.5 961855.1 1250411.6 1625535
2113195.5 2747154.2 3571300.5 4642690.6 6035497.8 7846147.1 10199991.3
13259988.7 17237985.3 22409380.8 29132195.1 0 0 0 0 0 0 0 0 0 0 0 0 0 0
0 0 0 0 0 0 0 0 0 0 0 0 0 0 0 0 0 0 0 0 0 0 0 0 0 0 0 0 0 0 0 0 0 0 0 0
0 0 0 0 0 0 0 0 0 0 0 0 0 0 0 0 0 0 0 0 0 0 0 0 0 0 0 0 0 0 0 0 0 0 0 0
0 0 0 0 0 0 0 0 0 0 0 0 0 0 0 0 0 0 0 0 0 0 0 0 0 0 0 0 0 0 0 0 0 0 0 0
0 0 0 0 0 0 0 0 0 0 0 0 0 0 0 0 0 0 0 0 0 0 0 0 0 0 0 0 0 0 0 0 0 0 0 0
0 0 0 0 0 0 0 0 0 0 0 0 0 0 0 0 0 0 0 0 0 0 0 0 0 0 0 0 0 0 0 0 0 0 0 0
0 0 0 0 0 0 0 0 0 0 0 0 0 0 0 0 0 0 0 0 0 0 0 0 0 0 0 0 0 0
##$LEVSIGN= 3
##$MAXLEV= 16
##$METHOD= 0
##$NEGBASE= -569145
##$NEGINCR= 1.3
##$POSBASE= 569145
##$POSINCR= 1.3
##END=
