##TITLE= Parameter file, TopSpin 3.6.2
##JCAMPDX= 5.0
##DATATYPE= Parameter Values
##NPOINTS= 1	$$ modification sequence number
##ORIGIN= Bruker BioSpin GmbH
##OWNER= nmrsu
$$ 2021-08-18 10:42:48.064 +0200  nmrsu@AVHD600
$$ C:/NMR-Data/disk2/nmrsu/HC003_I/6/pdata/1/clevels
$$ process C:\Bruker\TopSpin3.6.2\prog\mod\dirdata.exe
##$LEVELS= (0..255)
-127040.953410999 -98026.4456149457 -75638.4754828829 -58363.6276668426
-45034.13127628 -34748.9191622234 -26812.7162381555 -20689.0392392235 -15963.9307275038
-12317.9757805952 -9504.70970598209 -7333.95715368297 -5658.97635970988
-4366.53947775975 -3369.27843462699 -2599.77889307132 -2006.02307704719
-1547.87339660714 -1194.35916731867 -921.5830078125 921.5830078125 1194.35916731867
1547.87339660714 2006.02307704719 2599.77889307132 3369.27843462699 4366.53947775975
5658.97635970988 7333.95715368297 9504.70970598209 12317.9757805952 15963.9307275038
20689.0392392235 26812.7162381555 34748.9191622234 45034.13127628 58363.6276668426
75638.4754828829 98026.4456149457 127040.953410999 0 0 0 0 0 0 0 0 0 0
0 0 0 0 0 0 0 0 0 0 0 0 0 0 0 0 0 0 0 0 0 0 0 0 0 0 0 0 0 0 0 0 0 0 0 0
0 0 0 0 0 0 0 0 0 0 0 0 0 0 0 0 0 0 0 0 0 0 0 0 0 0 0 0 0 0 0 0 0 0 0 0
0 0 0 0 0 0 0 0 0 0 0 0 0 0 0 0 0 0 0 0 0 0 0 0 0 0 0 0 0 0 0 0 0 0 0 0
0 0 0 0 0 0 0 0 0 0 0 0 0 0 0 0 0 0 0 0 0 0 0 0 0 0 0 0 0 0 0 0 0 0 0 0
0 0 0 0 0 0 0 0 0 0 0 0 0 0 0 0 0 0 0 0 0 0 0 0 0 0 0 0 0 0 0 0 0 0 0 0
0 0 0 0 0 0 0 0 0 0 0 0 0 0 0 0 0 0 0 0 0 0 0 0 0 0
##$LEVSIGN= 0
##$MAXLEV= 20
##$METHOD= 0
##$NEGBASE= -921.5830078125
##$NEGINCR= 1.29598653316498
##$POSBASE= 921.5830078125
##$POSINCR= 1.29598653316498
##END=
