##TITLE= Parameter file, TopSpin 3.6.2
##JCAMPDX= 5.0
##DATATYPE= Parameter Values
##NPOINTS= 1	$$ modification sequence number
##ORIGIN= Bruker BioSpin GmbH
##OWNER= nmrsu
$$ 2021-03-09 13:10:43.557 +0100  nmrsu@AVHD600
$$ C:/NMR-Data/disk2/nmrsu/Sali_Eth_5/7/pdata/1/clevels
$$ process C:\Bruker\TopSpin3.6.2\prog\mod\dirdata.exe
##$LEVELS= (0..255)
-487462.797797821 -399186.962752578 -326897.215441905 -267698.59598322
-219220.399887815 -179521.239364235 -147011.297303369 -120388.660480278
-98587.1823328466 -80733.7873978771 -66113.5075916864 -54140.8501565096
-44336.3506557959 -36307.3720451607 -29732.3808867293 -24348.0710224351
-19938.8190529386 -16328.0493497618 -13371.1627985793 -10949.74609375 10949.74609375
13371.1627985793 16328.0493497618 19938.8190529386 24348.0710224351 29732.3808867293
36307.3720451607 44336.3506557959 54140.8501565096 66113.5075916864 80733.7873978771
98587.1823328466 120388.660480278 147011.297303369 179521.239364235 219220.399887815
267698.59598322 326897.215441905 399186.962752578 487462.797797821 0 0
0 0 0 0 0 0 0 0 0 0 0 0 0 0 0 0 0 0 0 0 0 0 0 0 0 0 0 0 0 0 0 0 0 0 0 0
0 0 0 0 0 0 0 0 0 0 0 0 0 0 0 0 0 0 0 0 0 0 0 0 0 0 0 0 0 0 0 0 0 0 0 0
0 0 0 0 0 0 0 0 0 0 0 0 0 0 0 0 0 0 0 0 0 0 0 0 0 0 0 0 0 0 0 0 0 0 0 0
0 0 0 0 0 0 0 0 0 0 0 0 0 0 0 0 0 0 0 0 0 0 0 0 0 0 0 0 0 0 0 0 0 0 0 0
0 0 0 0 0 0 0 0 0 0 0 0 0 0 0 0 0 0 0 0 0 0 0 0 0 0 0 0 0 0 0 0 0 0 0 0
0 0 0 0 0 0 0 0 0 0 0 0 0 0 0 0 0 0 0 0 0 0 0 0 0 0 0 0 0 0 0 0 0 0
##$LEVSIGN= 0
##$MAXLEV= 20
##$METHOD= 0
##$NEGBASE= -10949.74609375
##$NEGINCR= 1.22113907337189
##$POSBASE= 10949.74609375
##$POSINCR= 1.22113907337189
##END=
