##TITLE= Parameter file, TopSpin 3.6.2
##JCAMPDX= 5.0
##DATATYPE= Parameter Values
##NPOINTS= 1	$$ modification sequence number
##ORIGIN= Bruker BioSpin GmbH
##OWNER= nmrsu
$$ 2021-03-09 13:10:31.491 +0100  nmrsu@AVHD600
$$ C:/NMR-Data/disk2/nmrsu/Sali_Eth_5/6/pdata/1/clevels
$$ process C:\Bruker\TopSpin3.6.2\prog\mod\dirdata.exe
##$LEVELS= (0..255)
-1137148.44165184 -883652.268727006 -686666.140870861 -533592.687650474
-414642.778152654 -322209.500717094 -250381.696782229 -194565.939067675
-151192.779391584 -117488.480510462 -91297.6341079529 -70945.3212561327
-55130.0004355472 -42840.2732443855 -33290.2049184501 -25869.063373858
-20102.2625568097 -15621.0124063199 -12138.7345284544 -9432.7353515625
9432.7353515625 12138.7345284544 15621.0124063199 20102.2625568097 25869.063373858
33290.2049184501 42840.2732443855 55130.0004355472 70945.3212561327 91297.6341079529
117488.480510462 151192.779391584 194565.939067675 250381.696782229 322209.500717094
414642.778152654 533592.687650474 686666.140870861 883652.268727006 1137148.44165184
0 0 0 0 0 0 0 0 0 0 0 0 0 0 0 0 0 0 0 0 0 0 0 0 0 0 0 0 0 0 0 0 0 0 0 0
0 0 0 0 0 0 0 0 0 0 0 0 0 0 0 0 0 0 0 0 0 0 0 0 0 0 0 0 0 0 0 0 0 0 0 0
0 0 0 0 0 0 0 0 0 0 0 0 0 0 0 0 0 0 0 0 0 0 0 0 0 0 0 0 0 0 0 0 0 0 0 0
0 0 0 0 0 0 0 0 0 0 0 0 0 0 0 0 0 0 0 0 0 0 0 0 0 0 0 0 0 0 0 0 0 0 0 0
0 0 0 0 0 0 0 0 0 0 0 0 0 0 0 0 0 0 0 0 0 0 0 0 0 0 0 0 0 0 0 0 0 0 0 0
0 0 0 0 0 0 0 0 0 0 0 0 0 0 0 0 0 0 0 0 0 0 0 0 0 0 0 0 0 0 0 0 0 0 0 0
##$LEVSIGN= 0
##$MAXLEV= 20
##$METHOD= 0
##$NEGBASE= -9432.7353515625
##$NEGINCR= 1.2868732213974
##$POSBASE= 9432.7353515625
##$POSINCR= 1.2868732213974
##END=
