##TITLE= Parameter file, TOPSPIN		Version 3.2
##JCAMPDX= 5.0
##DATATYPE= Parameter Values
##NPOINTS= 1	$$ modification sequence number
##ORIGIN= Bruker BioSpin GmbH
##OWNER= nmrsu
$$ 2015-07-09 14:02:06.960 +0200  nmrsu@AVHD600
$$ C:/NMR-Data/disk2/nmrsu/MC047_9/7/pdata/1/clevels
$$ process C:\Bruker\TopSpin3.2.3\prog\au\bin\clev.exe
##$LEVELS= (0..255)
-987634.734706802 -414024.929839097 -173562.792502592 -72759.0074177537
-30501.1983506642 -12786.36328125 12786.36328125 30501.1983506642 72759.0074177537
173562.792502592 414024.929839097 987634.734706802 0 0 0 0 0 0 0 0 0 0
0 0 0 0 0 0 0 0 0 0 0 0 0 0 0 0 0 0 0 0 0 0 0 0 0 0 0 0 0 0 0 0 0 0 0 0
0 0 0 0 0 0 0 0 0 0 0 0 0 0 0 0 0 0 0 0 0 0 0 0 0 0 0 0 0 0 0 0 0 0 0 0
0 0 0 0 0 0 0 0 0 0 0 0 0 0 0 0 0 0 0 0 0 0 0 0 0 0 0 0 0 0 0 0 0 0 0 0
0 0 0 0 0 0 0 0 0 0 0 0 0 0 0 0 0 0 0 0 0 0 0 0 0 0 0 0 0 0 0 0 0 0 0 0
0 0 0 0 0 0 0 0 0 0 0 0 0 0 0 0 0 0 0 0 0 0 0 0 0 0 0 0 0 0 0 0 0 0 0 0
0 0 0 0 0 0 0 0 0 0 0 0 0 0 0 0 0 0 0 0 0 0 0 0 0 0 0 0 0 0 0 0 0 0 0 0
0 0 0 0 0 0 0 0 0 0 0 0 0 0 0 0 0 0
##$LEVSIGN= 0
##$MAXLEV= 6
##$METHOD= 0
##$NEGBASE= -12786.36328125
##$NEGINCR= 2.38544750213623
##$POSBASE= 12786.36328125
##$POSINCR= 2.38544750213623
##END=
