##TITLE= Parameter file, TopSpin 3.8.0
##JCAMPDX= 5.0
##DATATYPE= Parameter Values
##NPOINTS= 9	$$ modification sequence number
##ORIGIN= Bruker BioSpin GmbH
##OWNER= nmrsu
$$ 2026-07-15 17:55:33.007 +0200  UNI-MAINZ\liermann@OCNMR60
$$ C:/Git/lucy-ng/data/alh-l6/3/pdata/1/clevels
$$ process C:\Bruker\TopSpin3.8.0\prog\mod\dataserver.exe
##$LEVELS= (0..255)
-50016448.8140771 -41680374.9086871 -34733644.8602831 -28944704.0502359
-24120584.9146176 -20100486.5318918 -16750409.0310678 -13958670.6047319
-11632226.4008994 -9693525.5885742 -8077933.50569761 -6731611.25474798
-5609675.14866717 -4674732.87838068 -3895608.04111537 -3246339.13730663
-2705286.2022469 -2254404.27158291 -1878667.53545056 -1565558.07345449
1565558.07345449 1878667.53545056 2254404.27158291 2705286.2022469 3246339.13730663
3895608.04111537 4674732.87838068 5609675.14866717 6731611.25474798 8077933.50569761
9693525.5885742 11632226.4008994 13958670.6047319 16750409.0310678 20100486.5318918
24120584.9146176 28944704.0502359 34733644.8602831 41680374.9086871 50016448.8140771
0 0 0 0 0 0 0 0 0 0 0 0 0 0 0 0 0 0 0 0 0 0 0 0 0 0 0 0 0 0 0 0 0 0 0 0
0 0 0 0 0 0 0 0 0 0 0 0 0 0 0 0 0 0 0 0 0 0 0 0 0 0 0 0 0 0 0 0 0 0 0 0
0 0 0 0 0 0 0 0 0 0 0 0 0 0 0 0 0 0 0 0 0 0 0 0 0 0 0 0 0 0 0 0 0 0 0 0
0 0 0 0 0 0 0 0 0 0 0 0 0 0 0 0 0 0 0 0 0 0 0 0 0 0 0 0 0 0 0 0 0 0 0 0
0 0 0 0 0 0 0 0 0 0 0 0 0 0 0 0 0 0 0 0 0 0 0 0 0 0 0 0 0 0 0 0 0 0 0 0
0 0 0 0 0 0 0 0 0 0 0 0 0 0 0 0 0 0 0 0 0 0 0 0 0 0 0 0 0 0 0 0 0 0 0 0
##$LEVSIGN= 3
##$MAXLEV= 20
##$METHOD= 0
##$NEGBASE= -29090.2
##$NEGINCR= 1.2
##$POSBASE= 29090.2
##$POSINCR= 1.2
##END=
