##TITLE= Parameter file, TopSpin 3.8.0
##JCAMPDX= 5.0
##DATATYPE= Parameter Values
##NPOINTS= 16	$$ modification sequence number
##ORIGIN= Bruker BioSpin GmbH
##OWNER= Homeoffice
$$ 2026-07-15 17:53:23.073 +0200  UNI-MAINZ\liermann@OCNMR60
$$ C:/Git/lucy-ng/data/cmpd_JL_20260701/6/pdata/1/clevels
$$ process C:\Bruker\TopSpin3.8.0\prog\mod\dataserver.exe
##$LEVELS= (0..255)
-27838904.3129138 -15466057.9516188 -8592254.417566 -4773474.67642556 -2651930.37579198
-1473294.65321776 -818497.029565425 -454720.571980791 454720.571980791
818497.029565425 1473294.65321776 2651930.37579198 4773474.67642556 8592254.417566
15466057.9516188 27838904.3129138 0 0 0 0 0 0 0 0 0 0 0 0 0 0 0 0 0 0 0
0 0 0 0 0 0 0 0 0 0 0 0 0 0 0 0 0 0 0 0 0 0 0 0 0 0 0 0 0 0 0 0 0 0 0 0
0 0 0 0 0 0 0 0 0 0 0 0 0 0 0 0 0 0 0 0 0 0 0 0 0 0 0 0 0 0 0 0 0 0 0 0
0 0 0 0 0 0 0 0 0 0 0 0 0 0 0 0 0 0 0 0 0 0 0 0 0 0 0 0 0 0 0 0 0 0 0 0
0 0 0 0 0 0 0 0 0 0 0 0 0 0 0 0 0 0 0 0 0 0 0 0 0 0 0 0 0 0 0 0 0 0 0 0
0 0 0 0 0 0 0 0 0 0 0 0 0 0 0 0 0 0 0 0 0 0 0 0 0 0 0 0 0 0 0 0 0 0 0 0
0 0 0 0 0 0 0 0 0 0 0 0 0 0 0 0 0 0 0 0 0 0 0 0 0 0 0 0 0 0 0 0 0 0 0 0
0 0 0 0 0
##$LEVSIGN= 3
##$MAXLEV= 8
##$METHOD= 0
##$NEGBASE= -80384
##$NEGINCR= 1.8
##$POSBASE= 80384
##$POSINCR= 1.8
##END=
