##TITLE= Parameter file, TopSpin 3.6.2
##JCAMPDX= 5.0
##DATATYPE= Parameter Values
##NPOINTS= 9	$$ modification sequence number
##ORIGIN= Bruker BioSpin GmbH
##OWNER= nmrsu
$$ 2021-08-18 12:57:25.634 +0200  nmrsu@AVHD600
$$ C:/NMR-Data/disk2/nmrsu/HC003_I/8/pdata/1/clevels
$$ process C:\Bruker\TopSpin3.6.2\prog\mod\dataserver.exe
##$LEVELS= (0..255)
-2385618.6 -1988015.5 -1656679.6 -1380566.3 -1150471.9 -958726.6 -798938.8
-665782.4 -554818.6 -462348.9 -385290.7 -321075.6 -267563 -222969.2 -185807.6
-154839.7 154839.7 185807.6 222969.2 267563 321075.6 385290.7 462348.9
554818.6 665782.4 798938.8 958726.6 1150471.9 1380566.3 1656679.6 1988015.5
2385618.6 0 0 0 0 0 0 0 0 0 0 0 0 0 0 0 0 0 0 0 0 0 0 0 0 0 0 0 0 0 0 0
0 0 0 0 0 0 0 0 0 0 0 0 0 0 0 0 0 0 0 0 0 0 0 0 0 0 0 0 0 0 0 0 0 0 0 0
0 0 0 0 0 0 0 0 0 0 0 0 0 0 0 0 0 0 0 0 0 0 0 0 0 0 0 0 0 0 0 0 0 0 0 0
0 0 0 0 0 0 0 0 0 0 0 0 0 0 0 0 0 0 0 0 0 0 0 0 0 0 0 0 0 0 0 0 0 0 0 0
0 0 0 0 0 0 0 0 0 0 0 0 0 0 0 0 0 0 0 0 0 0 0 0 0 0 0 0 0 0 0 0 0 0 0 0
0 0 0 0 0 0 0 0 0 0 0 0 0 0 0 0 0 0 0 0 0 0 0 0 0 0 0 0 0 0 0 0 0 0 0 0
0 0 0 0 0 0 0 0 0 0 0 0 0
##$LEVSIGN= 3
##$MAXLEV= 16
##$METHOD= 0
##$NEGBASE= -154839.7
##$NEGINCR= 1.2
##$POSBASE= 154839.7
##$POSINCR= 1.2
##END=
