##TITLE= Parameter file, TopSpin 3.8.0
##JCAMPDX= 5.0
##DATATYPE= Parameter Values
##NPOINTS= 16	$$ modification sequence number
##ORIGIN= Bruker BioSpin GmbH
##OWNER= liermann
$$ 2026-07-15 17:57:06.150 +0200  UNI-MAINZ\liermann@OCNMR60
$$ C:/Git/lucy-ng/data/alh-l6/6/pdata/1/clevels
$$ process C:\Bruker\TopSpin3.8.0\prog\mod\dataserver.exe
##$LEVELS= (0..255)
-1186505.84912474 -659169.916180409 -366205.508989116 -203447.504993953
-113026.391663307 -62792.4398129486 -34884.6887849714 -19380.3826583175
19380.3826583175 34884.6887849714 62792.4398129486 113026.391663307 203447.504993953
366205.508989116 659169.916180409 1186505.84912474 0 0 0 0 0 0 0 0 0 0
0 0 0 0 0 0 0 0 0 0 0 0 0 0 0 0 0 0 0 0 0 0 0 0 0 0 0 0 0 0 0 0 0 0 0 0
0 0 0 0 0 0 0 0 0 0 0 0 0 0 0 0 0 0 0 0 0 0 0 0 0 0 0 0 0 0 0 0 0 0 0 0
0 0 0 0 0 0 0 0 0 0 0 0 0 0 0 0 0 0 0 0 0 0 0 0 0 0 0 0 0 0 0 0 0 0 0 0
0 0 0 0 0 0 0 0 0 0 0 0 0 0 0 0 0 0 0 0 0 0 0 0 0 0 0 0 0 0 0 0 0 0 0 0
0 0 0 0 0 0 0 0 0 0 0 0 0 0 0 0 0 0 0 0 0 0 0 0 0 0 0 0 0 0 0 0 0 0 0 0
0 0 0 0 0 0 0 0 0 0 0 0 0 0 0 0 0 0 0 0 0 0 0 0 0 0 0 0 0 0 0 0 0 0 0 0
0 0 0 0 0 0 0 0 0 0 0 0 0 0
##$LEVSIGN= 3
##$MAXLEV= 8
##$METHOD= 0
##$NEGBASE= -3426
##$NEGINCR= 1.8
##$POSBASE= 3426
##$POSINCR= 1.8
##END=
