##TITLE= wurst-40, 0.9860ms, 3.144068 W
##JCAMP-DX= 5.00 Bruker JCAMP library 
##DATA TYPE= Shape Data 
##ORIGIN= Bruker BioSpin GmbH 
##OWNER= <WaveMaker> 
##DATE= Jul 23 2019 
##TIME= 02:13:41 
##$SHAPE_PARAMETERS= Type: wurst-40
##MINX= 0.000000 
##MAXX= 100.000000 
##MINY= 0.000000 
##MAXY= 360.000000 
##$SHAPE_EXMODE= Adiabatic
##$SHAPE_TOTROT= 180.00 
##$SHAPE_TYPE= Inversion
##$SHAPE_USER_DEF= Tp=986.0000 us, gB1max=5839.6 Hz, f1=-63379.2 Hz, f2=63379.2 Hz
##$SHAPE_REPHFAC= 
##$SHAPE_BWFAC= 41.661 
##$SHAPE_BWFAC50= 
##$SHAPE_INTEGFAC= 0.086838 
##$SHAPE_MODE= 0 
##NPOINTS= 493 
##XYPOINTS= (XY..XY) 
0.000000e+000,  0.000000e+000 
8.151273e-002,  5.954520e+001 
3.256591e-001,  4.439622e+001 
7.312667e-001,  2.930919e+001 
1.296392e+000,  1.428413e+001 
2.018335e+000,  3.593210e+002 
2.893661e+000,  3.444199e+002 
3.918228e+000,  3.295807e+002 
5.087216e+000,  3.148035e+002 
6.395167e+000,  3.000882e+002 
7.836028e+000,  2.854349e+002 
9.403190e+000,  2.708435e+002 
1.108955e+001,  2.563141e+002 
1.288754e+001,  2.418467e+002 
1.478923e+001,  2.274412e+002 
1.678632e+001,  2.130977e+002 
1.887025e+001,  1.988162e+002 
2.103224e+001,  1.845966e+002 
2.326336e+001,  1.704389e+002 
2.555458e+001,  1.563433e+002 
2.789683e+001,  1.423096e+002 
3.028106e+001,  1.283378e+002 
3.269831e+001,  1.144280e+002 
3.513973e+001,  1.005801e+002 
3.759668e+001,  8.679426e+001 
4.006073e+001,  7.307034e+001 
4.252373e+001,  5.940837e+001 
4.497786e+001,  4.580837e+001 
4.741564e+001,  3.227032e+001 
4.982997e+001,  1.879423e+001 
5.221420e+001,  5.380100e+000 
5.456208e+001,  3.520279e+002 
5.686783e+001,  3.387377e+002 
5.912616e+001,  3.255095e+002 
6.133226e+001,  3.123432e+002 
6.348180e+001,  2.992389e+002 
6.557094e+001,  2.861965e+002 
6.759636e+001,  2.732161e+002 
6.955520e+001,  2.602976e+002 
7.144509e+001,  2.474411e+002 
7.326414e+001,  2.346466e+002 
7.501087e+001,  2.219140e+002 
7.668428e+001,  2.092434e+002 
7.828375e+001,  1.966347e+002 
7.980907e+001,  1.840880e+002 
8.126039e+001,  1.716033e+002 
8.263821e+001,  1.591805e+002 
8.394333e+001,  1.468197e+002 
8.517686e+001,  1.345208e+002 
8.634016e+001,  1.222839e+002 
8.743482e+001,  1.101089e+002 
8.846265e+001,  9.799594e+001 
8.942563e+001,  8.594491e+001 
9.032590e+001,  7.395584e+001 
9.116574e+001,  6.202872e+001 
9.194751e+001,  5.016357e+001 
9.267366e+001,  3.836038e+001 
9.334671e+001,  2.661914e+001 
9.396920e+001,  1.493987e+001 
9.454370e+001,  3.322550e+000 
9.507277e+001,  3.517672e+002 
9.555897e+001,  3.402738e+002 
9.600482e+001,  3.288424e+002 
9.641278e+001,  3.174729e+002 
9.678528e+001,  3.061653e+002 
9.712468e+001,  2.949198e+002 
9.743325e+001,  2.837362e+002 
9.771319e+001,  2.726145e+002 
9.796660e+001,  2.615548e+002 
9.819552e+001,  2.505571e+002 
9.840185e+001,  2.396214e+002 
9.858742e+001,  2.287475e+002 
9.875397e+001,  2.179357e+002 
9.890310e+001,  2.071858e+002 
9.903636e+001,  1.964979e+002 
9.915517e+001,  1.858719e+002 
9.926086e+001,  1.753079e+002 
9.935468e+001,  1.648058e+002 
9.943777e+001,  1.543657e+002 
9.951120e+001,  1.439876e+002 
9.957594e+001,  1.336714e+002 
9.963289e+001,  1.234172e+002 
9.968288e+001,  1.132250e+002 
9.972666e+001,  1.030947e+002 
9.976491e+001,  9.302631e+001 
9.979825e+001,  8.301993e+001 
9.982725e+001,  7.307550e+001 
9.985241e+001,  6.319304e+001 
9.987419e+001,  5.337253e+001 
9.989300e+001,  4.361399e+001 
9.990921e+001,  3.391740e+001 
9.992314e+001,  2.428277e+001 
9.993508e+001,  1.471010e+001 
9.994530e+001,  5.199390e+000 
9.995402e+001,  3.557506e+002 
9.996144e+001,  3.463639e+002 
9.996774e+001,  3.370390e+002 
9.997308e+001,  3.277761e+002 
9.997759e+001,  3.185752e+002 
9.998139e+001,  3.094363e+002 
9.998458e+001,  3.003593e+002 
9.998726e+001,  2.913442e+002 
9.998950e+001,  2.823912e+002 
9.999137e+001,  2.735000e+002 
9.999293e+001,  2.646709e+002 
9.999421e+001,  2.559037e+002 
9.999528e+001,  2.471984e+002 
9.999616e+001,  2.385552e+002 
9.999689e+001,  2.299738e+002 
9.999748e+001,  2.214545e+002 
9.999797e+001,  2.129971e+002 
9.999837e+001,  2.046016e+002 
9.999869e+001,  1.962681e+002 
9.999895e+001,  1.879966e+002 
9.999916e+001,  1.797870e+002 
9.999933e+001,  1.716394e+002 
9.999947e+001,  1.635538e+002 
9.999958e+001,  1.555301e+002 
9.999967e+001,  1.475683e+002 
9.999974e+001,  1.396686e+002 
9.999980e+001,  1.318307e+002 
9.999984e+001,  1.240549e+002 
9.999988e+001,  1.163410e+002 
9.999990e+001,  1.086890e+002 
9.999993e+001,  1.010991e+002 
9.999994e+001,  9.357103e+001 
9.999996e+001,  8.610497e+001 
9.999997e+001,  7.870087e+001 
9.999997e+001,  7.135872e+001 
9.999998e+001,  6.407854e+001 
9.999999e+001,  5.686031e+001 
9.999999e+001,  4.970404e+001 
9.999999e+001,  4.260974e+001 
9.999999e+001,  3.557739e+001 
1.000000e+002,  2.860700e+001 
1.000000e+002,  2.169857e+001 
1.000000e+002,  1.485209e+001 
1.000000e+002,  8.067580e+000 
1.000000e+002,  1.345030e+000 
1.000000e+002,  3.546844e+002 
1.000000e+002,  3.480858e+002 
1.000000e+002,  3.415491e+002 
1.000000e+002,  3.350744e+002 
1.000000e+002,  3.286616e+002 
1.000000e+002,  3.223108e+002 
1.000000e+002,  3.160220e+002 
1.000000e+002,  3.097951e+002 
1.000000e+002,  3.036302e+002 
1.000000e+002,  2.975272e+002 
1.000000e+002,  2.914862e+002 
1.000000e+002,  2.855072e+002 
1.000000e+002,  2.795901e+002 
1.000000e+002,  2.737350e+002 
1.000000e+002,  2.679418e+002 
1.000000e+002,  2.622106e+002 
1.000000e+002,  2.565413e+002 
1.000000e+002,  2.509341e+002 
1.000000e+002,  2.453887e+002 
1.000000e+002,  2.399053e+002 
1.000000e+002,  2.344839e+002 
1.000000e+002,  2.291245e+002 
1.000000e+002,  2.238270e+002 
1.000000e+002,  2.185914e+002 
1.000000e+002,  2.134179e+002 
1.000000e+002,  2.083062e+002 
1.000000e+002,  2.032566e+002 
1.000000e+002,  1.982689e+002 
1.000000e+002,  1.933431e+002 
1.000000e+002,  1.884794e+002 
1.000000e+002,  1.836775e+002 
1.000000e+002,  1.789377e+002 
1.000000e+002,  1.742598e+002 
1.000000e+002,  1.696438e+002 
1.000000e+002,  1.650898e+002 
1.000000e+002,  1.605978e+002 
1.000000e+002,  1.561677e+002 
1.000000e+002,  1.517996e+002 
1.000000e+002,  1.474935e+002 
1.000000e+002,  1.432493e+002 
1.000000e+002,  1.390670e+002 
1.000000e+002,  1.349468e+002 
1.000000e+002,  1.308884e+002 
1.000000e+002,  1.268921e+002 
1.000000e+002,  1.229577e+002 
1.000000e+002,  1.190852e+002 
1.000000e+002,  1.152748e+002 
1.000000e+002,  1.115262e+002 
1.000000e+002,  1.078397e+002 
1.000000e+002,  1.042151e+002 
1.000000e+002,  1.006524e+002 
1.000000e+002,  9.715175e+001 
1.000000e+002,  9.371302e+001 
1.000000e+002,  9.033626e+001 
1.000000e+002,  8.702145e+001 
1.000000e+002,  8.376860e+001 
1.000000e+002,  8.057771e+001 
1.000000e+002,  7.744878e+001 
1.000000e+002,  7.438181e+001 
1.000000e+002,  7.137680e+001 
1.000000e+002,  6.843374e+001 
1.000000e+002,  6.555265e+001 
1.000000e+002,  6.273351e+001 
1.000000e+002,  5.997633e+001 
1.000000e+002,  5.728112e+001 
1.000000e+002,  5.464786e+001 
1.000000e+002,  5.207656e+001 
1.000000e+002,  4.956722e+001 
1.000000e+002,  4.711984e+001 
1.000000e+002,  4.473442e+001 
1.000000e+002,  4.241095e+001 
1.000000e+002,  4.014945e+001 
1.000000e+002,  3.794990e+001 
1.000000e+002,  3.581232e+001 
1.000000e+002,  3.373669e+001 
1.000000e+002,  3.172302e+001 
1.000000e+002,  2.977131e+001 
1.000000e+002,  2.788156e+001 
1.000000e+002,  2.605377e+001 
1.000000e+002,  2.428794e+001 
1.000000e+002,  2.258406e+001 
1.000000e+002,  2.094215e+001 
1.000000e+002,  1.936219e+001 
1.000000e+002,  1.784420e+001 
1.000000e+002,  1.638816e+001 
1.000000e+002,  1.499408e+001 
1.000000e+002,  1.366196e+001 
1.000000e+002,  1.239180e+001 
1.000000e+002,  1.118360e+001 
1.000000e+002,  1.003736e+001 
1.000000e+002,  8.953080e+000 
1.000000e+002,  7.930760e+000 
1.000000e+002,  6.970390e+000 
1.000000e+002,  6.071980e+000 
1.000000e+002,  5.235540e+000 
1.000000e+002,  4.461050e+000 
1.000000e+002,  3.748520e+000 
1.000000e+002,  3.097950e+000 
1.000000e+002,  2.509340e+000 
1.000000e+002,  1.982690e+000 
1.000000e+002,  1.518000e+000 
1.000000e+002,  1.115260e+000 
1.000000e+002,  7.744900e-001 
1.000000e+002,  4.956700e-001 
1.000000e+002,  2.788200e-001 
1.000000e+002,  1.239200e-001 
1.000000e+002,  3.098000e-002 
1.000000e+002,  0.000000e+000 
1.000000e+002,  3.098000e-002 
1.000000e+002,  1.239200e-001 
1.000000e+002,  2.788200e-001 
1.000000e+002,  4.956700e-001 
1.000000e+002,  7.744900e-001 
1.000000e+002,  1.115260e+000 
1.000000e+002,  1.518000e+000 
1.000000e+002,  1.982690e+000 
1.000000e+002,  2.509340e+000 
1.000000e+002,  3.097950e+000 
1.000000e+002,  3.748520e+000 
1.000000e+002,  4.461050e+000 
1.000000e+002,  5.235540e+000 
1.000000e+002,  6.071980e+000 
1.000000e+002,  6.970390e+000 
1.000000e+002,  7.930760e+000 
1.000000e+002,  8.953080e+000 
1.000000e+002,  1.003736e+001 
1.000000e+002,  1.118360e+001 
1.000000e+002,  1.239180e+001 
1.000000e+002,  1.366196e+001 
1.000000e+002,  1.499408e+001 
1.000000e+002,  1.638816e+001 
1.000000e+002,  1.784420e+001 
1.000000e+002,  1.936219e+001 
1.000000e+002,  2.094215e+001 
1.000000e+002,  2.258406e+001 
1.000000e+002,  2.428794e+001 
1.000000e+002,  2.605377e+001 
1.000000e+002,  2.788156e+001 
1.000000e+002,  2.977131e+001 
1.000000e+002,  3.172302e+001 
1.000000e+002,  3.373669e+001 
1.000000e+002,  3.581232e+001 
1.000000e+002,  3.794990e+001 
1.000000e+002,  4.014945e+001 
1.000000e+002,  4.241095e+001 
1.000000e+002,  4.473442e+001 
1.000000e+002,  4.711984e+001 
1.000000e+002,  4.956722e+001 
1.000000e+002,  5.207656e+001 
1.000000e+002,  5.464786e+001 
1.000000e+002,  5.728112e+001 
1.000000e+002,  5.997633e+001 
1.000000e+002,  6.273351e+001 
1.000000e+002,  6.555265e+001 
1.000000e+002,  6.843374e+001 
1.000000e+002,  7.137680e+001 
1.000000e+002,  7.438181e+001 
1.000000e+002,  7.744878e+001 
1.000000e+002,  8.057771e+001 
1.000000e+002,  8.376860e+001 
1.000000e+002,  8.702145e+001 
1.000000e+002,  9.033626e+001 
1.000000e+002,  9.371302e+001 
1.000000e+002,  9.715175e+001 
1.000000e+002,  1.006524e+002 
1.000000e+002,  1.042151e+002 
1.000000e+002,  1.078397e+002 
1.000000e+002,  1.115262e+002 
1.000000e+002,  1.152748e+002 
1.000000e+002,  1.190852e+002 
1.000000e+002,  1.229577e+002 
1.000000e+002,  1.268921e+002 
1.000000e+002,  1.308884e+002 
1.000000e+002,  1.349468e+002 
1.000000e+002,  1.390670e+002 
1.000000e+002,  1.432493e+002 
1.000000e+002,  1.474935e+002 
1.000000e+002,  1.517996e+002 
1.000000e+002,  1.561677e+002 
1.000000e+002,  1.605978e+002 
1.000000e+002,  1.650898e+002 
1.000000e+002,  1.696438e+002 
1.000000e+002,  1.742598e+002 
1.000000e+002,  1.789377e+002 
1.000000e+002,  1.836775e+002 
1.000000e+002,  1.884794e+002 
1.000000e+002,  1.933431e+002 
1.000000e+002,  1.982689e+002 
1.000000e+002,  2.032566e+002 
1.000000e+002,  2.083062e+002 
1.000000e+002,  2.134179e+002 
1.000000e+002,  2.185914e+002 
1.000000e+002,  2.238270e+002 
1.000000e+002,  2.291245e+002 
1.000000e+002,  2.344839e+002 
1.000000e+002,  2.399053e+002 
1.000000e+002,  2.453887e+002 
1.000000e+002,  2.509341e+002 
1.000000e+002,  2.565413e+002 
1.000000e+002,  2.622106e+002 
1.000000e+002,  2.679418e+002 
1.000000e+002,  2.737350e+002 
1.000000e+002,  2.795901e+002 
1.000000e+002,  2.855072e+002 
1.000000e+002,  2.914862e+002 
1.000000e+002,  2.975272e+002 
1.000000e+002,  3.036302e+002 
1.000000e+002,  3.097951e+002 
1.000000e+002,  3.160220e+002 
1.000000e+002,  3.223108e+002 
1.000000e+002,  3.286616e+002 
1.000000e+002,  3.350744e+002 
1.000000e+002,  3.415491e+002 
1.000000e+002,  3.480858e+002 
1.000000e+002,  3.546844e+002 
1.000000e+002,  1.345030e+000 
1.000000e+002,  8.067580e+000 
1.000000e+002,  1.485209e+001 
1.000000e+002,  2.169857e+001 
1.000000e+002,  2.860700e+001 
9.999999e+001,  3.557739e+001 
9.999999e+001,  4.260974e+001 
9.999999e+001,  4.970404e+001 
9.999999e+001,  5.686031e+001 
9.999998e+001,  6.407854e+001 
9.999997e+001,  7.135872e+001 
9.999997e+001,  7.870087e+001 
9.999996e+001,  8.610497e+001 
9.999994e+001,  9.357103e+001 
9.999993e+001,  1.010991e+002 
9.999990e+001,  1.086890e+002 
9.999988e+001,  1.163410e+002 
9.999984e+001,  1.240549e+002 
9.999980e+001,  1.318307e+002 
9.999974e+001,  1.396686e+002 
9.999967e+001,  1.475683e+002 
9.999958e+001,  1.555301e+002 
9.999947e+001,  1.635538e+002 
9.999933e+001,  1.716394e+002 
9.999916e+001,  1.797870e+002 
9.999895e+001,  1.879966e+002 
9.999869e+001,  1.962681e+002 
9.999837e+001,  2.046016e+002 
9.999797e+001,  2.129971e+002 
9.999748e+001,  2.214545e+002 
9.999689e+001,  2.299738e+002 
9.999616e+001,  2.385552e+002 
9.999528e+001,  2.471984e+002 
9.999421e+001,  2.559037e+002 
9.999293e+001,  2.646709e+002 
9.999137e+001,  2.735000e+002 
9.998950e+001,  2.823912e+002 
9.998726e+001,  2.913442e+002 
9.998458e+001,  3.003593e+002 
9.998139e+001,  3.094363e+002 
9.997759e+001,  3.185752e+002 
9.997308e+001,  3.277761e+002 
9.996774e+001,  3.370390e+002 
9.996144e+001,  3.463639e+002 
9.995402e+001,  3.557506e+002 
9.994530e+001,  5.199390e+000 
9.993508e+001,  1.471010e+001 
9.992314e+001,  2.428277e+001 
9.990921e+001,  3.391740e+001 
9.989300e+001,  4.361399e+001 
9.987419e+001,  5.337253e+001 
9.985241e+001,  6.319304e+001 
9.982725e+001,  7.307550e+001 
9.979825e+001,  8.301993e+001 
9.976491e+001,  9.302631e+001 
9.972666e+001,  1.030947e+002 
9.968288e+001,  1.132250e+002 
9.963289e+001,  1.234172e+002 
9.957594e+001,  1.336714e+002 
9.951120e+001,  1.439876e+002 
9.943777e+001,  1.543657e+002 
9.935468e+001,  1.648058e+002 
9.926086e+001,  1.753079e+002 
9.915517e+001,  1.858719e+002 
9.903636e+001,  1.964979e+002 
9.890310e+001,  2.071858e+002 
9.875397e+001,  2.179357e+002 
9.858742e+001,  2.287475e+002 
9.840185e+001,  2.396214e+002 
9.819552e+001,  2.505571e+002 
9.796660e+001,  2.615548e+002 
9.771319e+001,  2.726145e+002 
9.743325e+001,  2.837362e+002 
9.712468e+001,  2.949198e+002 
9.678528e+001,  3.061653e+002 
9.641278e+001,  3.174729e+002 
9.600482e+001,  3.288424e+002 
9.555897e+001,  3.402738e+002 
9.507277e+001,  3.517672e+002 
9.454370e+001,  3.322550e+000 
9.396920e+001,  1.493987e+001 
9.334671e+001,  2.661914e+001 
9.267366e+001,  3.836038e+001 
9.194751e+001,  5.016357e+001 
9.116574e+001,  6.202872e+001 
9.032590e+001,  7.395584e+001 
8.942563e+001,  8.594491e+001 
8.846265e+001,  9.799594e+001 
8.743482e+001,  1.101089e+002 
8.634016e+001,  1.222839e+002 
8.517686e+001,  1.345208e+002 
8.394333e+001,  1.468197e+002 
8.263821e+001,  1.591805e+002 
8.126039e+001,  1.716033e+002 
7.980907e+001,  1.840880e+002 
7.828375e+001,  1.966347e+002 
7.668428e+001,  2.092434e+002 
7.501087e+001,  2.219140e+002 
7.326414e+001,  2.346466e+002 
7.144509e+001,  2.474411e+002 
6.955520e+001,  2.602976e+002 
6.759636e+001,  2.732161e+002 
6.557094e+001,  2.861965e+002 
6.348180e+001,  2.992389e+002 
6.133226e+001,  3.123432e+002 
5.912616e+001,  3.255095e+002 
5.686783e+001,  3.387377e+002 
5.456208e+001,  3.520279e+002 
5.221420e+001,  5.380100e+000 
4.982997e+001,  1.879423e+001 
4.741564e+001,  3.227032e+001 
4.497786e+001,  4.580837e+001 
4.252373e+001,  5.940837e+001 
4.006073e+001,  7.307034e+001 
3.759668e+001,  8.679426e+001 
3.513973e+001,  1.005801e+002 
3.269831e+001,  1.144280e+002 
3.028106e+001,  1.283378e+002 
2.789683e+001,  1.423096e+002 
2.555458e+001,  1.563433e+002 
2.326336e+001,  1.704389e+002 
2.103224e+001,  1.845966e+002 
1.887025e+001,  1.988162e+002 
1.678632e+001,  2.130977e+002 
1.478923e+001,  2.274412e+002 
1.288754e+001,  2.418467e+002 
1.108955e+001,  2.563141e+002 
9.403190e+000,  2.708435e+002 
7.836028e+000,  2.854349e+002 
6.395167e+000,  3.000882e+002 
5.087216e+000,  3.148035e+002 
3.918228e+000,  3.295807e+002 
2.893661e+000,  3.444199e+002 
2.018335e+000,  3.593210e+002 
1.296392e+000,  1.428413e+001 
7.312667e-001,  2.930919e+001 
3.256591e-001,  4.439622e+001 
8.151273e-002,  5.954520e+001 
0.000000e+000,  0.000000e+000 
##END 
