##TITLE= Parameter file, TopSpin 3.6.2
##JCAMPDX= 5.0
##DATATYPE= Parameter Values
##NPOINTS= 1	$$ modification sequence number
##ORIGIN= Bruker BioSpin GmbH
##OWNER= nmrsu
$$ 2021-08-18 10:42:38.179 +0200  nmrsu@AVHD600
$$ C:/NMR-Data/disk2/nmrsu/HC003_I/7/pdata/1/clevels
$$ process C:\Bruker\TopSpin3.6.2\prog\mod\dirdata.exe
##$LEVELS= (0..255)
-47078.3452719861 -37583.4323567742 -30003.4841827106 -23952.2844682361
-19121.5102803928 -15265.0222523887 -12186.3232008855 -9728.54612990836
-7766.46148650296 -6200.09641891906 -4949.64092343707 -3951.38133597512
-3154.45397025901 -2518.25349274401 -2010.36398486319 -1604.90727533196
-1281.22438613461 -1022.82290874809 -816.536676933021 -651.854919433594
651.854919433594 816.536676933021 1022.82290874809 1281.22438613461 1604.90727533196
2010.36398486319 2518.25349274401 3154.45397025901 3951.38133597512 4949.64092343707
6200.09641891906 7766.46148650296 9728.54612990836 12186.3232008855 15265.0222523887
19121.5102803928 23952.2844682361 30003.4841827106 37583.4323567742 47078.3452719861
0 0 0 0 0 0 0 0 0 0 0 0 0 0 0 0 0 0 0 0 0 0 0 0 0 0 0 0 0 0 0 0 0 0 0 0
0 0 0 0 0 0 0 0 0 0 0 0 0 0 0 0 0 0 0 0 0 0 0 0 0 0 0 0 0 0 0 0 0 0 0 0
0 0 0 0 0 0 0 0 0 0 0 0 0 0 0 0 0 0 0 0 0 0 0 0 0 0 0 0 0 0 0 0 0 0 0 0
0 0 0 0 0 0 0 0 0 0 0 0 0 0 0 0 0 0 0 0 0 0 0 0 0 0 0 0 0 0 0 0 0 0 0 0
0 0 0 0 0 0 0 0 0 0 0 0 0 0 0 0 0 0 0 0 0 0 0 0 0 0 0 0 0 0 0 0 0 0 0 0
0 0 0 0 0 0 0 0 0 0 0 0 0 0 0 0 0 0 0 0 0 0 0 0 0 0 0 0 0 0 0 0 0 0 0 0
##$LEVSIGN= 0
##$MAXLEV= 20
##$METHOD= 0
##$NEGBASE= -651.854919433594
##$NEGINCR= 1.25263559818268
##$POSBASE= 651.854919433594
##$POSINCR= 1.25263559818268
##END=
