##TITLE= Parameter file, TopSpin 4.1.0
##JCAMPDX= 5.0
##DATATYPE= Parameter Values
##NPOINTS= 9	$$ modification sequence number
##ORIGIN= Bruker BioSpin GmbH
##OWNER= nmrsu
$$ 2022-01-04 16:21:44.007 +0100  torsten@Lamor
$$ Z:/Torsten/NMR/data/spek-vl/nmr/MC047_9/6/pdata/1/clevels
$$ process C:\Bruker\TopSpin4.1.0\prog\mod\dataserver.exe
##$LEVELS= (0..255)
-8432358.9 -6486429.9 -4989561.5 -3838124.2 -2952403.2 -2271079.4 -1746984.2
-1343834 -1033718.4 -795168 -611667.7 -470513.6 -361933.6 -278410.4 -214161.9
-164739.9 164739.9 214161.9 278410.4 361933.6 470513.6 611667.7 795168
1033718.4 1343834 1746984.2 2271079.4 2952403.2 3838124.2 4989561.5 6486429.9
8432358.9 0 0 0 0 0 0 0 0 0 0 0 0 0 0 0 0 0 0 0 0 0 0 0 0 0 0 0 0 0 0 0
0 0 0 0 0 0 0 0 0 0 0 0 0 0 0 0 0 0 0 0 0 0 0 0 0 0 0 0 0 0 0 0 0 0 0 0
0 0 0 0 0 0 0 0 0 0 0 0 0 0 0 0 0 0 0 0 0 0 0 0 0 0 0 0 0 0 0 0 0 0 0 0
0 0 0 0 0 0 0 0 0 0 0 0 0 0 0 0 0 0 0 0 0 0 0 0 0 0 0 0 0 0 0 0 0 0 0 0
0 0 0 0 0 0 0 0 0 0 0 0 0 0 0 0 0 0 0 0 0 0 0 0 0 0 0 0 0 0 0 0 0 0 0 0
0 0 0 0 0 0 0 0 0 0 0 0 0 0 0 0 0 0 0 0 0 0 0 0 0 0 0 0 0 0 0 0 0 0 0 0
0 0 0 0 0 0 0 0 0 0 0 0 0
##$LEVSIGN= 3
##$MAXLEV= 16
##$METHOD= 0
##$NEGBASE= -164739.9
##$NEGINCR= 1.3
##$POSBASE= 164739.9
##$POSINCR= 1.3
##END=
