##TITLE= Parameter file, TopSpin 3.5 pl 4
##JCAMPDX= 5.0
##DATATYPE= Parameter Values
##NPOINTS= 1	$$ modification sequence number
##ORIGIN= Bruker BioSpin GmbH
##OWNER= nmrsu
$$ 2016-03-04 11:29:51.246 +0100  nmrsu@av3-600
$$ C:/Bruker/TopSpin3.5pl4/prog/curdir/changer/inmrchanger/AV600-1603A/2/2.28/data/nmr/AV600-1603A2/5/pdata/1/clevels
$$ process C:\Bruker\TopSpin3.5pl4\prog\mod\xwish3.exe
##$LEVELS= (0..255)
-9905924.7 -8254937.2 -6879114.3 -5732595.3 -4777162.7 -3980968.9 -3317474.1
-2764561.8 -2303801.5 -1919834.6 -1599862.1 -1333218.4 -1111015.4 -925846.1
-771538.5 -642948.7 -535790.6 -446492.2 -372076.8 -310064 310064 372076.8
446492.2 535790.6 642948.7 771538.5 925846.1 1111015.4 1333218.4 1599862.1
1919834.6 2303801.5 2764561.8 3317474.1 3980968.9 4777162.7 5732595.3 6879114.3
8254937.2 9905924.7 0 0 0 0 0 0 0 0 0 0 0 0 0 0 0 0 0 0 0 0 0 0 0 0 0 0
0 0 0 0 0 0 0 0 0 0 0 0 0 0 0 0 0 0 0 0 0 0 0 0 0 0 0 0 0 0 0 0 0 0 0 0
0 0 0 0 0 0 0 0 0 0 0 0 0 0 0 0 0 0 0 0 0 0 0 0 0 0 0 0 0 0 0 0 0 0 0 0
0 0 0 0 0 0 0 0 0 0 0 0 0 0 0 0 0 0 0 0 0 0 0 0 0 0 0 0 0 0 0 0 0 0 0 0
0 0 0 0 0 0 0 0 0 0 0 0 0 0 0 0 0 0 0 0 0 0 0 0 0 0 0 0 0 0 0 0 0 0 0 0
0 0 0 0 0 0 0 0 0 0 0 0 0 0 0 0 0 0 0 0 0 0 0 0 0 0 0 0 0 0 0 0 0 0 0 0
0 0 0 0 0 0 0 0 0 0
##$LEVSIGN= 3
##$MAXLEV= 20
##$METHOD= 0
##$NEGBASE= -310064
##$NEGINCR= 1.2
##$POSBASE= 310064
##$POSINCR= 1.2
##END=
