##TITLE= Parameter file, TopSpin 3.8.0
##JCAMPDX= 5.0
##DATATYPE= Parameter Values
##NPOINTS= 9	$$ modification sequence number
##ORIGIN= Bruker BioSpin GmbH
##OWNER= nmrsu
$$ 2026-07-15 17:56:03.939 +0200  UNI-MAINZ\liermann@OCNMR60
$$ C:/Git/lucy-ng/data/alh-l6/4/pdata/1/clevels
$$ process C:\Bruker\TopSpin3.8.0\prog\mod\dataserver.exe
##$LEVELS= (0..255)
-66638852.5583486 -55532376.7955986 -46276980.4387598 -38564150.7019918
-32136791.9153012 -26780659.8172982 -22317216.6265347 -18597680.8584708
-15498067.382059 -12915056.2638353 -10762546.4380514 -8968788.58625662
-7473990.93702527 -6228325.3323763 -5190271.67091119 -4325226.05606743
-3604355.15884238 -3003629.52327436 -2503024.37848959 -2085853.64874132
2085853.64874132 2503024.37848959 3003629.52327436 3604355.15884238 4325226.05606743
5190271.67091119 6228325.3323763 7473990.93702527 8968788.58625662 10762546.4380514
12915056.2638353 15498067.382059 18597680.8584708 22317216.6265347 26780659.8172982
32136791.9153012 38564150.7019918 46276980.4387598 55532376.7955986 66638852.5583486
0 0 0 0 0 0 0 0 0 0 0 0 0 0 0 0 0 0 0 0 0 0 0 0 0 0 0 0 0 0 0 0 0 0 0 0
0 0 0 0 0 0 0 0 0 0 0 0 0 0 0 0 0 0 0 0 0 0 0 0 0 0 0 0 0 0 0 0 0 0 0 0
0 0 0 0 0 0 0 0 0 0 0 0 0 0 0 0 0 0 0 0 0 0 0 0 0 0 0 0 0 0 0 0 0 0 0 0
0 0 0 0 0 0 0 0 0 0 0 0 0 0 0 0 0 0 0 0 0 0 0 0 0 0 0 0 0 0 0 0 0 0 0 0
0 0 0 0 0 0 0 0 0 0 0 0 0 0 0 0 0 0 0 0 0 0 0 0 0 0 0 0 0 0 0 0 0 0 0 0
0 0 0 0 0 0 0 0 0 0 0 0 0 0 0 0 0 0 0 0 0 0 0 0 0 0 0 0 0 0 0 0 0 0 0 0
##$LEVSIGN= 3
##$MAXLEV= 20
##$METHOD= 0
##$NEGBASE= -310064
##$NEGINCR= 1.2
##$POSBASE= 310064
##$POSINCR= 1.2
##END=
