##TITLE= Parameter file, TopSpin 3.8.0
##JCAMPDX= 5.0
##DATATYPE= Parameter Values
##NPOINTS= 9	$$ modification sequence number
##ORIGIN= Bruker BioSpin GmbH
##OWNER= nmrsu
$$ 2026-07-15 17:52:35.046 +0200  UNI-MAINZ\liermann@OCNMR60
$$ C:/Git/lucy-ng/data/cmpd_JL_20260701/4/pdata/1/clevels
$$ process C:\Bruker\TopSpin3.8.0\prog\mod\dataserver.exe
##$LEVELS= (0..255)
-237919667.18258 -198266393.585484 -165221990.387903 -137684991.989919
-114737484.791599 -95614566.3929996 -79678822.3941661 -66399001.5951386
-55332505.5959486 -46110438.396624 -38425343.9971866 -32021119.9976554
-26684262.3980463 -22236902.3983719 -18530739.1986433 -15442278.3988694
-12868582.3990578 -10723814.3992149 -8936499.19934571 -7447091.19945476
7447091.19945476 8936499.19934571 10723814.3992149 12868582.3990578 15442278.3988694
18530739.1986433 22236902.3983719 26684262.3980463 32021119.9976554 38425343.9971866
46110438.396624 55332505.5959486 66399001.5951386 79678822.3941661 95614566.3929996
114737484.791599 137684991.989919 165221990.387903 198266393.585484 237919667.18258
0 0 0 0 0 0 0 0 0 0 0 0 0 0 0 0 0 0 0 0 0 0 0 0 0 0 0 0 0 0 0 0 0 0 0 0
0 0 0 0 0 0 0 0 0 0 0 0 0 0 0 0 0 0 0 0 0 0 0 0 0 0 0 0 0 0 0 0 0 0 0 0
0 0 0 0 0 0 0 0 0 0 0 0 0 0 0 0 0 0 0 0 0 0 0 0 0 0 0 0 0 0 0 0 0 0 0 0
0 0 0 0 0 0 0 0 0 0 0 0 0 0 0 0 0 0 0 0 0 0 0 0 0 0 0 0 0 0 0 0 0 0 0 0
0 0 0 0 0 0 0 0 0 0 0 0 0 0 0 0 0 0 0 0 0 0 0 0 0 0 0 0 0 0 0 0 0 0 0 0
0 0 0 0 0 0 0 0 0 0 0 0 0 0 0 0 0 0 0 0 0 0 0 0 0 0 0 0 0 0 0 0 0 0 0 0
##$LEVSIGN= 3
##$MAXLEV= 20
##$METHOD= 0
##$NEGBASE= -29090.2
##$NEGINCR= 1.2
##$POSBASE= 29090.2
##$POSINCR= 1.2
##END=
