##TITLE= cawurst-20, 0.5000ms, 15.186831 W
##JCAMP-DX= 5.00 Bruker JCAMP library 
##DATA TYPE= Shape Data 
##ORIGIN= Bruker BioSpin GmbH 
##OWNER= <WaveMaker> 
##DATE= Jul 23 2019 
##TIME= 02:13:41 
##$SHAPE_PARAMETERS= Type: cawurst-20
##MINX= 0.039314 
##MAXX= 100.000000 
##MINY= 0.000000 
##MAXY= 360.000000 
##$SHAPE_EXMODE= Adiabatic
##$SHAPE_TOTROT= 180.00 
##$SHAPE_TYPE= Inversion
##$SHAPE_USER_DEF= Tp=500.0000 us, gB1max=12834.3 Hz, f1=-120000.0 Hz, f2=120000.0 Hz
##$SHAPE_REPHFAC= 
##$SHAPE_BWFAC= 40.000 
##$SHAPE_BWFAC50= 
##$SHAPE_INTEGFAC= 0.077916 
##$SHAPE_MODE= 0 
##NPOINTS= 500 
##XYPOINTS= (XY..XY) 
3.931350e-002,  2.246253e+001 
1.571644e-001,  8.062530e+000 
3.532841e-001,  3.536625e+002 
6.272263e-001,  3.392625e+002 
9.783680e-001,  3.248625e+002 
1.405913e+000,  3.104626e+002 
1.908892e+000,  2.960626e+002 
2.486171e+000,  2.816626e+002 
3.136451e+000,  2.672627e+002 
3.858274e+000,  2.528629e+002 
4.650029e+000,  2.384632e+002 
5.509957e+000,  2.240636e+002 
6.436158e+000,  2.096643e+002 
7.426597e+000,  1.952653e+002 
8.479112e+000,  1.808667e+002 
9.591422e+000,  1.664686e+002 
1.076113e+001,  1.520712e+002 
1.198575e+001,  1.376747e+002 
1.326267e+001,  1.232792e+002 
1.458923e+001,  1.088850e+002 
1.596266e+001,  9.449246e+001 
1.738015e+001,  8.010179e+001 
1.883882e+001,  6.571335e+001 
2.033573e+001,  5.132756e+001 
2.186791e+001,  3.694485e+001 
2.343237e+001,  2.256569e+001 
2.502609e+001,  8.190610e+000 
2.664603e+001,  3.538202e+002 
2.828916e+001,  3.394551e+002 
2.995246e+001,  3.250959e+002 
3.163291e+001,  3.107434e+002 
3.332754e+001,  2.963983e+002 
3.503339e+001,  2.820615e+002 
3.674756e+001,  2.677338e+002 
3.846717e+001,  2.534161e+002 
4.018943e+001,  2.391095e+002 
4.191160e+001,  2.248149e+002 
4.363100e+001,  2.105333e+002 
4.534505e+001,  1.962659e+002 
4.705123e+001,  1.820138e+002 
4.874712e+001,  1.677781e+002 
5.043038e+001,  1.535601e+002 
5.209879e+001,  1.393611e+002 
5.375021e+001,  1.251822e+002 
5.538262e+001,  1.110248e+002 
5.699408e+001,  9.689022e+001 
5.858280e+001,  8.277980e+001 
6.014708e+001,  6.869489e+001 
6.168532e+001,  5.463689e+001 
6.319606e+001,  4.060719e+001 
6.467794e+001,  2.660719e+001 
6.612973e+001,  1.263830e+001 
6.755030e+001,  3.587019e+002 
6.893863e+001,  3.447995e+002 
7.029384e+001,  3.309324e+002 
7.161514e+001,  3.171021e+002 
7.290184e+001,  3.033099e+002 
7.415339e+001,  2.895572e+002 
7.536933e+001,  2.758454e+002 
7.654929e+001,  2.621759e+002 
7.769300e+001,  2.485499e+002 
7.880032e+001,  2.349688e+002 
7.987117e+001,  2.214339e+002 
8.090556e+001,  2.079465e+002 
8.190360e+001,  1.945077e+002 
8.286546e+001,  1.811188e+002 
8.379142e+001,  1.677810e+002 
8.468179e+001,  1.544954e+002 
8.553698e+001,  1.412632e+002 
8.635745e+001,  1.280853e+002 
8.714372e+001,  1.149629e+002 
8.789637e+001,  1.018970e+002 
8.861601e+001,  8.888850e+001 
8.930333e+001,  7.593844e+001 
8.995903e+001,  6.304768e+001 
9.058386e+001,  5.021711e+001 
9.117860e+001,  3.744755e+001 
9.174405e+001,  2.473983e+001 
9.228106e+001,  1.209470e+001 
9.279046e+001,  3.595129e+002 
9.327313e+001,  3.469951e+002 
9.372995e+001,  3.345421e+002 
9.416180e+001,  3.221543e+002 
9.456959e+001,  3.098325e+002 
9.495421e+001,  2.975772e+002 
9.531655e+001,  2.853890e+002 
9.565752e+001,  2.732684e+002 
9.597799e+001,  2.612157e+002 
9.627885e+001,  2.492316e+002 
9.656096e+001,  2.373165e+002 
9.682519e+001,  2.254706e+002 
9.707236e+001,  2.136945e+002 
9.730332e+001,  2.019885e+002 
9.751886e+001,  1.903529e+002 
9.771976e+001,  1.787880e+002 
9.790680e+001,  1.672941e+002 
9.808073e+001,  1.558715e+002 
9.824225e+001,  1.445204e+002 
9.839208e+001,  1.332412e+002 
9.853088e+001,  1.220339e+002 
9.865931e+001,  1.108988e+002 
9.877799e+001,  9.983611e+001 
9.888753e+001,  8.884598e+001 
9.898850e+001,  7.792857e+001 
9.908144e+001,  6.708403e+001 
9.916690e+001,  5.631251e+001 
9.924536e+001,  4.561411e+001 
9.931731e+001,  3.498897e+001 
9.938320e+001,  2.443718e+001 
9.944345e+001,  1.395885e+001 
9.949849e+001,  3.554060e+000 
9.954868e+001,  3.532229e+002 
9.959440e+001,  3.429654e+002 
9.963599e+001,  3.327817e+002 
9.967376e+001,  3.226719e+002 
9.970802e+001,  3.126359e+002 
9.973905e+001,  3.026738e+002 
9.976711e+001,  2.927857e+002 
9.979246e+001,  2.829717e+002 
9.981531e+001,  2.732317e+002 
9.983590e+001,  2.635658e+002 
9.985440e+001,  2.539740e+002 
9.987102e+001,  2.444564e+002 
9.988591e+001,  2.350130e+002 
9.989924e+001,  2.256437e+002 
9.991115e+001,  2.163487e+002 
9.992178e+001,  2.071279e+002 
9.993124e+001,  1.979814e+002 
9.993966e+001,  1.889091e+002 
9.994714e+001,  1.799111e+002 
9.995377e+001,  1.709874e+002 
9.995963e+001,  1.621380e+002 
9.996481e+001,  1.533629e+002 
9.996938e+001,  1.446621e+002 
9.997341e+001,  1.360357e+002 
9.997694e+001,  1.274835e+002 
9.998004e+001,  1.190057e+002 
9.998276e+001,  1.106023e+002 
9.998514e+001,  1.022732e+002 
9.998721e+001,  9.401840e+001 
9.998901e+001,  8.583799e+001 
9.999058e+001,  7.773192e+001 
9.999194e+001,  6.970021e+001 
9.999312e+001,  6.174286e+001 
9.999414e+001,  5.385986e+001 
9.999501e+001,  4.605123e+001 
9.999577e+001,  3.831695e+001 
9.999642e+001,  3.065704e+001 
9.999697e+001,  2.307149e+001 
9.999745e+001,  1.556030e+001 
9.999785e+001,  8.123480e+000 
9.999820e+001,  7.610300e-001 
9.999849e+001,  3.534729e+002 
9.999874e+001,  3.462592e+002 
9.999895e+001,  3.391199e+002 
9.999913e+001,  3.320549e+002 
9.999928e+001,  3.250642e+002 
9.999940e+001,  3.181480e+002 
9.999951e+001,  3.113061e+002 
9.999959e+001,  3.045386e+002 
9.999967e+001,  2.978454e+002 
9.999973e+001,  2.912266e+002 
9.999978e+001,  2.846822e+002 
9.999982e+001,  2.782122e+002 
9.999985e+001,  2.718165e+002 
9.999988e+001,  2.654952e+002 
9.999990e+001,  2.592482e+002 
9.999992e+001,  2.530757e+002 
9.999994e+001,  2.469775e+002 
9.999995e+001,  2.409536e+002 
9.999996e+001,  2.350041e+002 
9.999997e+001,  2.291290e+002 
9.999998e+001,  2.233283e+002 
9.999998e+001,  2.176019e+002 
9.999998e+001,  2.119499e+002 
9.999999e+001,  2.063723e+002 
9.999999e+001,  2.008690e+002 
9.999999e+001,  1.954401e+002 
9.999999e+001,  1.900856e+002 
1.000000e+002,  1.848055e+002 
1.000000e+002,  1.795997e+002 
1.000000e+002,  1.744683e+002 
1.000000e+002,  1.694112e+002 
1.000000e+002,  1.644285e+002 
1.000000e+002,  1.595202e+002 
1.000000e+002,  1.546863e+002 
1.000000e+002,  1.499267e+002 
1.000000e+002,  1.452415e+002 
1.000000e+002,  1.406306e+002 
1.000000e+002,  1.360942e+002 
1.000000e+002,  1.316321e+002 
1.000000e+002,  1.272443e+002 
1.000000e+002,  1.229310e+002 
1.000000e+002,  1.186920e+002 
1.000000e+002,  1.145273e+002 
1.000000e+002,  1.104371e+002 
1.000000e+002,  1.064212e+002 
1.000000e+002,  1.024797e+002 
1.000000e+002,  9.861250e+001 
1.000000e+002,  9.481971e+001 
1.000000e+002,  9.110129e+001 
1.000000e+002,  8.745724e+001 
1.000000e+002,  8.388755e+001 
1.000000e+002,  8.039224e+001 
1.000000e+002,  7.697129e+001 
1.000000e+002,  7.362471e+001 
1.000000e+002,  7.035250e+001 
1.000000e+002,  6.715466e+001 
1.000000e+002,  6.403119e+001 
1.000000e+002,  6.098209e+001 
1.000000e+002,  5.800735e+001 
1.000000e+002,  5.510698e+001 
1.000000e+002,  5.228098e+001 
1.000000e+002,  4.952935e+001 
1.000000e+002,  4.685209e+001 
1.000000e+002,  4.424920e+001 
1.000000e+002,  4.172067e+001 
1.000000e+002,  3.926651e+001 
1.000000e+002,  3.688673e+001 
1.000000e+002,  3.458130e+001 
1.000000e+002,  3.235025e+001 
1.000000e+002,  3.019357e+001 
1.000000e+002,  2.811125e+001 
1.000000e+002,  2.610331e+001 
1.000000e+002,  2.416973e+001 
1.000000e+002,  2.231052e+001 
1.000000e+002,  2.052568e+001 
1.000000e+002,  1.881520e+001 
1.000000e+002,  1.717910e+001 
1.000000e+002,  1.561736e+001 
1.000000e+002,  1.413000e+001 
1.000000e+002,  1.271700e+001 
1.000000e+002,  1.137836e+001 
1.000000e+002,  1.011410e+001 
1.000000e+002,  8.924210e+000 
1.000000e+002,  7.808680e+000 
1.000000e+002,  6.767520e+000 
1.000000e+002,  5.800740e+000 
1.000000e+002,  4.908310e+000 
1.000000e+002,  4.090260e+000 
1.000000e+002,  3.346580e+000 
1.000000e+002,  2.677260e+000 
1.000000e+002,  2.082320e+000 
1.000000e+002,  1.561740e+000 
1.000000e+002,  1.115530e+000 
1.000000e+002,  7.436800e-001 
1.000000e+002,  4.462100e-001 
1.000000e+002,  2.231100e-001 
1.000000e+002,  7.437000e-002 
1.000000e+002,  0.000000e+000 
1.000000e+002,  0.000000e+000 
1.000000e+002,  7.437000e-002 
1.000000e+002,  2.231100e-001 
1.000000e+002,  4.462100e-001 
1.000000e+002,  7.436800e-001 
1.000000e+002,  1.115530e+000 
1.000000e+002,  1.561740e+000 
1.000000e+002,  2.082320e+000 
1.000000e+002,  2.677260e+000 
1.000000e+002,  3.346580e+000 
1.000000e+002,  4.090260e+000 
1.000000e+002,  4.908310e+000 
1.000000e+002,  5.800740e+000 
1.000000e+002,  6.767520e+000 
1.000000e+002,  7.808680e+000 
1.000000e+002,  8.924210e+000 
1.000000e+002,  1.011410e+001 
1.000000e+002,  1.137836e+001 
1.000000e+002,  1.271700e+001 
1.000000e+002,  1.413000e+001 
1.000000e+002,  1.561736e+001 
1.000000e+002,  1.717910e+001 
1.000000e+002,  1.881520e+001 
1.000000e+002,  2.052568e+001 
1.000000e+002,  2.231052e+001 
1.000000e+002,  2.416973e+001 
1.000000e+002,  2.610331e+001 
1.000000e+002,  2.811125e+001 
1.000000e+002,  3.019357e+001 
1.000000e+002,  3.235025e+001 
1.000000e+002,  3.458130e+001 
1.000000e+002,  3.688673e+001 
1.000000e+002,  3.926651e+001 
1.000000e+002,  4.172067e+001 
1.000000e+002,  4.424920e+001 
1.000000e+002,  4.685209e+001 
1.000000e+002,  4.952935e+001 
1.000000e+002,  5.228098e+001 
1.000000e+002,  5.510698e+001 
1.000000e+002,  5.800735e+001 
1.000000e+002,  6.098209e+001 
1.000000e+002,  6.403119e+001 
1.000000e+002,  6.715466e+001 
1.000000e+002,  7.035250e+001 
1.000000e+002,  7.362471e+001 
1.000000e+002,  7.697129e+001 
1.000000e+002,  8.039224e+001 
1.000000e+002,  8.388755e+001 
1.000000e+002,  8.745724e+001 
1.000000e+002,  9.110129e+001 
1.000000e+002,  9.481971e+001 
1.000000e+002,  9.861250e+001 
1.000000e+002,  1.024797e+002 
1.000000e+002,  1.064212e+002 
1.000000e+002,  1.104371e+002 
1.000000e+002,  1.145273e+002 
1.000000e+002,  1.186920e+002 
1.000000e+002,  1.229310e+002 
1.000000e+002,  1.272443e+002 
1.000000e+002,  1.316321e+002 
1.000000e+002,  1.360942e+002 
1.000000e+002,  1.406306e+002 
1.000000e+002,  1.452415e+002 
1.000000e+002,  1.499267e+002 
1.000000e+002,  1.546863e+002 
1.000000e+002,  1.595202e+002 
1.000000e+002,  1.644285e+002 
1.000000e+002,  1.694112e+002 
1.000000e+002,  1.744683e+002 
1.000000e+002,  1.795997e+002 
1.000000e+002,  1.848055e+002 
9.999999e+001,  1.900856e+002 
9.999999e+001,  1.954401e+002 
9.999999e+001,  2.008690e+002 
9.999999e+001,  2.063723e+002 
9.999998e+001,  2.119499e+002 
9.999998e+001,  2.176019e+002 
9.999998e+001,  2.233283e+002 
9.999997e+001,  2.291290e+002 
9.999996e+001,  2.350041e+002 
9.999995e+001,  2.409536e+002 
9.999994e+001,  2.469775e+002 
9.999992e+001,  2.530757e+002 
9.999990e+001,  2.592482e+002 
9.999988e+001,  2.654952e+002 
9.999985e+001,  2.718165e+002 
9.999982e+001,  2.782122e+002 
9.999978e+001,  2.846822e+002 
9.999973e+001,  2.912266e+002 
9.999967e+001,  2.978454e+002 
9.999959e+001,  3.045386e+002 
9.999951e+001,  3.113061e+002 
9.999940e+001,  3.181480e+002 
9.999928e+001,  3.250642e+002 
9.999913e+001,  3.320549e+002 
9.999895e+001,  3.391199e+002 
9.999874e+001,  3.462592e+002 
9.999849e+001,  3.534729e+002 
9.999820e+001,  7.610300e-001 
9.999785e+001,  8.123480e+000 
9.999745e+001,  1.556030e+001 
9.999697e+001,  2.307149e+001 
9.999642e+001,  3.065704e+001 
9.999577e+001,  3.831695e+001 
9.999501e+001,  4.605123e+001 
9.999414e+001,  5.385986e+001 
9.999312e+001,  6.174286e+001 
9.999194e+001,  6.970021e+001 
9.999058e+001,  7.773192e+001 
9.998901e+001,  8.583799e+001 
9.998721e+001,  9.401840e+001 
9.998514e+001,  1.022732e+002 
9.998276e+001,  1.106023e+002 
9.998004e+001,  1.190057e+002 
9.997694e+001,  1.274835e+002 
9.997341e+001,  1.360357e+002 
9.996938e+001,  1.446621e+002 
9.996481e+001,  1.533629e+002 
9.995963e+001,  1.621380e+002 
9.995377e+001,  1.709874e+002 
9.994714e+001,  1.799111e+002 
9.993966e+001,  1.889091e+002 
9.993124e+001,  1.979814e+002 
9.992178e+001,  2.071279e+002 
9.991115e+001,  2.163487e+002 
9.989924e+001,  2.256437e+002 
9.988591e+001,  2.350130e+002 
9.987102e+001,  2.444564e+002 
9.985440e+001,  2.539740e+002 
9.983590e+001,  2.635658e+002 
9.981531e+001,  2.732317e+002 
9.979246e+001,  2.829717e+002 
9.976711e+001,  2.927857e+002 
9.973905e+001,  3.026738e+002 
9.970802e+001,  3.126359e+002 
9.967376e+001,  3.226719e+002 
9.963599e+001,  3.327817e+002 
9.959440e+001,  3.429654e+002 
9.954868e+001,  3.532229e+002 
9.949849e+001,  3.554060e+000 
9.944345e+001,  1.395885e+001 
9.938320e+001,  2.443718e+001 
9.931731e+001,  3.498897e+001 
9.924536e+001,  4.561411e+001 
9.916690e+001,  5.631251e+001 
9.908144e+001,  6.708403e+001 
9.898850e+001,  7.792857e+001 
9.888753e+001,  8.884598e+001 
9.877799e+001,  9.983611e+001 
9.865931e+001,  1.108988e+002 
9.853088e+001,  1.220339e+002 
9.839208e+001,  1.332412e+002 
9.824225e+001,  1.445204e+002 
9.808073e+001,  1.558715e+002 
9.790680e+001,  1.672941e+002 
9.771976e+001,  1.787880e+002 
9.751886e+001,  1.903529e+002 
9.730332e+001,  2.019885e+002 
9.707236e+001,  2.136945e+002 
9.682519e+001,  2.254706e+002 
9.656096e+001,  2.373165e+002 
9.627885e+001,  2.492316e+002 
9.597799e+001,  2.612157e+002 
9.565752e+001,  2.732684e+002 
9.531655e+001,  2.853890e+002 
9.495421e+001,  2.975772e+002 
9.456959e+001,  3.098325e+002 
9.416180e+001,  3.221543e+002 
9.372995e+001,  3.345421e+002 
9.327313e+001,  3.469951e+002 
9.279046e+001,  3.595129e+002 
9.228106e+001,  1.209470e+001 
9.174405e+001,  2.473983e+001 
9.117860e+001,  3.744755e+001 
9.058386e+001,  5.021711e+001 
8.995903e+001,  6.304768e+001 
8.930333e+001,  7.593844e+001 
8.861601e+001,  8.888850e+001 
8.789637e+001,  1.018970e+002 
8.714372e+001,  1.149629e+002 
8.635745e+001,  1.280853e+002 
8.553698e+001,  1.412632e+002 
8.468179e+001,  1.544954e+002 
8.379142e+001,  1.677810e+002 
8.286546e+001,  1.811188e+002 
8.190360e+001,  1.945077e+002 
8.090556e+001,  2.079465e+002 
7.987117e+001,  2.214339e+002 
7.880032e+001,  2.349688e+002 
7.769300e+001,  2.485499e+002 
7.654929e+001,  2.621759e+002 
7.536933e+001,  2.758454e+002 
7.415339e+001,  2.895572e+002 
7.290184e+001,  3.033099e+002 
7.161514e+001,  3.171021e+002 
7.029384e+001,  3.309324e+002 
6.893863e+001,  3.447995e+002 
6.755030e+001,  3.587019e+002 
6.612973e+001,  1.263830e+001 
6.467794e+001,  2.660719e+001 
6.319606e+001,  4.060719e+001 
6.168532e+001,  5.463689e+001 
6.014708e+001,  6.869489e+001 
5.858280e+001,  8.277980e+001 
5.699408e+001,  9.689022e+001 
5.538262e+001,  1.110248e+002 
5.375021e+001,  1.251822e+002 
5.209879e+001,  1.393611e+002 
5.043038e+001,  1.535601e+002 
4.874712e+001,  1.677781e+002 
4.705123e+001,  1.820138e+002 
4.534505e+001,  1.962659e+002 
4.363100e+001,  2.105333e+002 
4.191160e+001,  2.248149e+002 
4.018943e+001,  2.391095e+002 
3.846717e+001,  2.534161e+002 
3.674756e+001,  2.677338e+002 
3.503339e+001,  2.820615e+002 
3.332754e+001,  2.963983e+002 
3.163291e+001,  3.107434e+002 
2.995246e+001,  3.250959e+002 
2.828916e+001,  3.394551e+002 
2.664603e+001,  3.538202e+002 
2.502609e+001,  8.190610e+000 
2.343237e+001,  2.256569e+001 
2.186791e+001,  3.694485e+001 
2.033573e+001,  5.132756e+001 
1.883882e+001,  6.571335e+001 
1.738015e+001,  8.010179e+001 
1.596266e+001,  9.449246e+001 
1.458923e+001,  1.088850e+002 
1.326267e+001,  1.232792e+002 
1.198575e+001,  1.376747e+002 
1.076113e+001,  1.520712e+002 
9.591422e+000,  1.664686e+002 
8.479112e+000,  1.808667e+002 
7.426597e+000,  1.952653e+002 
6.436158e+000,  2.096643e+002 
5.509957e+000,  2.240636e+002 
4.650029e+000,  2.384632e+002 
3.858274e+000,  2.528629e+002 
3.136451e+000,  2.672627e+002 
2.486171e+000,  2.816626e+002 
1.908892e+000,  2.960626e+002 
1.405913e+000,  3.104626e+002 
9.783680e-001,  3.248625e+002 
6.272263e-001,  3.392625e+002 
3.532841e-001,  3.536625e+002 
1.571644e-001,  8.062530e+000 
3.931350e-002,  2.246253e+001 
##END 
