##TITLE= cawurst-20, 0.5000ms, 14.857763 W
##JCAMP-DX= 5.00 Bruker JCAMP library 
##DATA TYPE= Shape Data 
##ORIGIN= Bruker BioSpin GmbH 
##OWNER= <WaveMaker> 
##DATE= Jul 23 2019 
##TIME= 02:13:41 
##$SHAPE_PARAMETERS= Type: cawurst-20
##MINX= 0.039314 
##MAXX= 100.000000 
##MINY= 0.041530 
##MAXY= 360.000000 
##$SHAPE_EXMODE= Adiabatic
##$SHAPE_TOTROT= 180.00 
##$SHAPE_TYPE= Inversion
##$SHAPE_USER_DEF= Tp=500.0000 us, gB1max=8988.0 Hz, f1=-58852.1 Hz, f2=58852.1 Hz
##$SHAPE_REPHFAC= 
##$SHAPE_BWFAC= 19.617 
##$SHAPE_BWFAC50= 
##$SHAPE_INTEGFAC= 0.111260 
##$SHAPE_MODE= 0 
##NPOINTS= 500 
##XYPOINTS= (XY..XY) 
3.931350e-002,  9.645890e+000 
1.571644e-001,  1.670814e+001 
3.532841e-001,  2.377039e+001 
6.272263e-001,  3.083264e+001 
9.783680e-001,  3.789489e+001 
1.405913e+000,  4.495714e+001 
1.908892e+000,  5.201938e+001 
2.486171e+000,  5.908160e+001 
3.136451e+000,  6.614380e+001 
3.858274e+000,  7.320597e+001 
4.650029e+000,  8.026808e+001 
5.509957e+000,  8.733012e+001 
6.436158e+000,  9.439204e+001 
7.426597e+000,  1.014538e+002 
8.479112e+000,  1.085154e+002 
9.591422e+000,  1.155767e+002 
1.076113e+001,  1.226377e+002 
1.198575e+001,  1.296982e+002 
1.326267e+001,  1.367582e+002 
1.458923e+001,  1.438176e+002 
1.596266e+001,  1.508762e+002 
1.738015e+001,  1.579339e+002 
1.883882e+001,  1.649905e+002 
2.033573e+001,  1.720458e+002 
2.186791e+001,  1.790995e+002 
2.343237e+001,  1.861516e+002 
2.502609e+001,  1.932016e+002 
2.664603e+001,  2.002494e+002 
2.828916e+001,  2.072945e+002 
2.995246e+001,  2.143367e+002 
3.163291e+001,  2.213757e+002 
3.332754e+001,  2.284110e+002 
3.503339e+001,  2.354423e+002 
3.674756e+001,  2.424691e+002 
3.846717e+001,  2.494909e+002 
4.018943e+001,  2.565074e+002 
4.191160e+001,  2.635180e+002 
4.363100e+001,  2.705221e+002 
4.534505e+001,  2.775194e+002 
4.705123e+001,  2.845091e+002 
4.874712e+001,  2.914907e+002 
5.043038e+001,  2.984637e+002 
5.209879e+001,  3.054274e+002 
5.375021e+001,  3.123812e+002 
5.538262e+001,  3.193245e+002 
5.699408e+001,  3.262566e+002 
5.858280e+001,  3.331768e+002 
6.014708e+001,  3.400845e+002 
6.168532e+001,  3.469791e+002 
6.319606e+001,  3.538597e+002 
6.467794e+001,  7.257800e-001 
6.612973e+001,  7.576600e+000 
6.755030e+001,  1.441147e+001 
6.893863e+001,  2.122970e+001 
7.029384e+001,  2.803059e+001 
7.161514e+001,  3.481347e+001 
7.290184e+001,  4.157763e+001 
7.415339e+001,  4.832242e+001 
7.536933e+001,  5.504714e+001 
7.654929e+001,  6.175115e+001 
7.769300e+001,  6.843379e+001 
7.880032e+001,  7.509441e+001 
7.987117e+001,  8.173238e+001 
8.090556e+001,  8.834708e+001 
8.190360e+001,  9.493792e+001 
8.286546e+001,  1.015043e+002 
8.379142e+001,  1.080456e+002 
8.468179e+001,  1.145613e+002 
8.553698e+001,  1.210509e+002 
8.635745e+001,  1.275137e+002 
8.714372e+001,  1.339494e+002 
8.789637e+001,  1.403574e+002 
8.861601e+001,  1.467372e+002 
8.930333e+001,  1.530883e+002 
8.995903e+001,  1.594104e+002 
9.058386e+001,  1.657030e+002 
9.117860e+001,  1.719656e+002 
9.174405e+001,  1.781979e+002 
9.228106e+001,  1.843995e+002 
9.279046e+001,  1.905700e+002 
9.327313e+001,  1.967092e+002 
9.372995e+001,  2.028166e+002 
9.416180e+001,  2.088920e+002 
9.456959e+001,  2.149350e+002 
9.495421e+001,  2.209454e+002 
9.531655e+001,  2.269229e+002 
9.565752e+001,  2.328673e+002 
9.597799e+001,  2.387783e+002 
9.627885e+001,  2.446557e+002 
9.656096e+001,  2.504993e+002 
9.682519e+001,  2.563089e+002 
9.707236e+001,  2.620843e+002 
9.730332e+001,  2.678254e+002 
9.751886e+001,  2.735319e+002 
9.771976e+001,  2.792037e+002 
9.790680e+001,  2.848407e+002 
9.808073e+001,  2.904427e+002 
9.824225e+001,  2.960097e+002 
9.839208e+001,  3.015414e+002 
9.853088e+001,  3.070378e+002 
9.865931e+001,  3.124989e+002 
9.877799e+001,  3.179244e+002 
9.888753e+001,  3.233143e+002 
9.898850e+001,  3.286686e+002 
9.908144e+001,  3.339871e+002 
9.916690e+001,  3.392699e+002 
9.924536e+001,  3.445167e+002 
9.931731e+001,  3.497276e+002 
9.938320e+001,  3.549026e+002 
9.944345e+001,  4.153000e-002 
9.949849e+001,  5.144400e+000 
9.954868e+001,  1.021115e+001 
9.959440e+001,  1.524176e+001 
9.963599e+001,  2.023620e+001 
9.967376e+001,  2.519442e+001 
9.970802e+001,  3.011642e+001 
9.973905e+001,  3.500215e+001 
9.976711e+001,  3.985160e+001 
9.979246e+001,  4.466474e+001 
9.981531e+001,  4.944157e+001 
9.983590e+001,  5.418205e+001 
9.985440e+001,  5.888618e+001 
9.987102e+001,  6.355395e+001 
9.988591e+001,  6.818534e+001 
9.989924e+001,  7.278034e+001 
9.991115e+001,  7.733893e+001 
9.992178e+001,  8.186112e+001 
9.993124e+001,  8.634690e+001 
9.993966e+001,  9.079625e+001 
9.994714e+001,  9.520917e+001 
9.995377e+001,  9.958566e+001 
9.995963e+001,  1.039257e+002 
9.996481e+001,  1.082293e+002 
9.996938e+001,  1.124965e+002 
9.997341e+001,  1.167272e+002 
9.997694e+001,  1.209214e+002 
9.998004e+001,  1.250792e+002 
9.998276e+001,  1.292006e+002 
9.998514e+001,  1.332855e+002 
9.998721e+001,  1.373339e+002 
9.998901e+001,  1.413458e+002 
9.999058e+001,  1.453213e+002 
9.999194e+001,  1.492603e+002 
9.999312e+001,  1.531629e+002 
9.999414e+001,  1.570290e+002 
9.999501e+001,  1.608586e+002 
9.999577e+001,  1.646518e+002 
9.999642e+001,  1.684085e+002 
9.999697e+001,  1.721287e+002 
9.999745e+001,  1.758124e+002 
9.999785e+001,  1.794597e+002 
9.999820e+001,  1.830705e+002 
9.999849e+001,  1.866448e+002 
9.999874e+001,  1.901827e+002 
9.999895e+001,  1.936841e+002 
9.999913e+001,  1.971490e+002 
9.999928e+001,  2.005774e+002 
9.999940e+001,  2.039694e+002 
9.999951e+001,  2.073249e+002 
9.999959e+001,  2.106439e+002 
9.999967e+001,  2.139264e+002 
9.999973e+001,  2.171725e+002 
9.999978e+001,  2.203821e+002 
9.999982e+001,  2.235553e+002 
9.999985e+001,  2.266919e+002 
9.999988e+001,  2.297921e+002 
9.999990e+001,  2.328558e+002 
9.999992e+001,  2.358831e+002 
9.999994e+001,  2.388738e+002 
9.999995e+001,  2.418281e+002 
9.999996e+001,  2.447459e+002 
9.999997e+001,  2.476273e+002 
9.999998e+001,  2.504722e+002 
9.999998e+001,  2.532806e+002 
9.999998e+001,  2.560525e+002 
9.999999e+001,  2.587880e+002 
9.999999e+001,  2.614870e+002 
9.999999e+001,  2.641495e+002 
9.999999e+001,  2.667755e+002 
1.000000e+002,  2.693651e+002 
1.000000e+002,  2.719182e+002 
1.000000e+002,  2.744348e+002 
1.000000e+002,  2.769150e+002 
1.000000e+002,  2.793586e+002 
1.000000e+002,  2.817658e+002 
1.000000e+002,  2.841366e+002 
1.000000e+002,  2.864708e+002 
1.000000e+002,  2.887686e+002 
1.000000e+002,  2.910299e+002 
1.000000e+002,  2.932548e+002 
1.000000e+002,  2.954431e+002 
1.000000e+002,  2.975950e+002 
1.000000e+002,  2.997105e+002 
1.000000e+002,  3.017894e+002 
1.000000e+002,  3.038319e+002 
1.000000e+002,  3.058379e+002 
1.000000e+002,  3.078074e+002 
1.000000e+002,  3.097405e+002 
1.000000e+002,  3.116371e+002 
1.000000e+002,  3.134972e+002 
1.000000e+002,  3.153208e+002 
1.000000e+002,  3.171080e+002 
1.000000e+002,  3.188587e+002 
1.000000e+002,  3.205729e+002 
1.000000e+002,  3.222507e+002 
1.000000e+002,  3.238919e+002 
1.000000e+002,  3.254967e+002 
1.000000e+002,  3.270651e+002 
1.000000e+002,  3.285969e+002 
1.000000e+002,  3.300923e+002 
1.000000e+002,  3.315512e+002 
1.000000e+002,  3.329737e+002 
1.000000e+002,  3.343596e+002 
1.000000e+002,  3.357091e+002 
1.000000e+002,  3.370221e+002 
1.000000e+002,  3.382987e+002 
1.000000e+002,  3.395388e+002 
1.000000e+002,  3.407424e+002 
1.000000e+002,  3.419095e+002 
1.000000e+002,  3.430401e+002 
1.000000e+002,  3.441343e+002 
1.000000e+002,  3.451920e+002 
1.000000e+002,  3.462133e+002 
1.000000e+002,  3.471981e+002 
1.000000e+002,  3.481463e+002 
1.000000e+002,  3.490582e+002 
1.000000e+002,  3.499335e+002 
1.000000e+002,  3.507724e+002 
1.000000e+002,  3.515748e+002 
1.000000e+002,  3.523407e+002 
1.000000e+002,  3.530702e+002 
1.000000e+002,  3.537632e+002 
1.000000e+002,  3.544197e+002 
1.000000e+002,  3.550397e+002 
1.000000e+002,  3.556233e+002 
1.000000e+002,  3.561704e+002 
1.000000e+002,  3.566810e+002 
1.000000e+002,  3.571551e+002 
1.000000e+002,  3.575928e+002 
1.000000e+002,  3.579940e+002 
1.000000e+002,  3.583587e+002 
1.000000e+002,  3.586870e+002 
1.000000e+002,  3.589788e+002 
1.000000e+002,  3.592341e+002 
1.000000e+002,  3.594529e+002 
1.000000e+002,  3.596353e+002 
1.000000e+002,  3.597812e+002 
1.000000e+002,  3.598906e+002 
1.000000e+002,  3.599635e+002 
1.000000e+002,  3.600000e+002 
1.000000e+002,  3.600000e+002 
1.000000e+002,  3.599635e+002 
1.000000e+002,  3.598906e+002 
1.000000e+002,  3.597812e+002 
1.000000e+002,  3.596353e+002 
1.000000e+002,  3.594529e+002 
1.000000e+002,  3.592341e+002 
1.000000e+002,  3.589788e+002 
1.000000e+002,  3.586870e+002 
1.000000e+002,  3.583587e+002 
1.000000e+002,  3.579940e+002 
1.000000e+002,  3.575928e+002 
1.000000e+002,  3.571551e+002 
1.000000e+002,  3.566810e+002 
1.000000e+002,  3.561704e+002 
1.000000e+002,  3.556233e+002 
1.000000e+002,  3.550397e+002 
1.000000e+002,  3.544197e+002 
1.000000e+002,  3.537632e+002 
1.000000e+002,  3.530702e+002 
1.000000e+002,  3.523407e+002 
1.000000e+002,  3.515748e+002 
1.000000e+002,  3.507724e+002 
1.000000e+002,  3.499335e+002 
1.000000e+002,  3.490582e+002 
1.000000e+002,  3.481463e+002 
1.000000e+002,  3.471981e+002 
1.000000e+002,  3.462133e+002 
1.000000e+002,  3.451920e+002 
1.000000e+002,  3.441343e+002 
1.000000e+002,  3.430401e+002 
1.000000e+002,  3.419095e+002 
1.000000e+002,  3.407424e+002 
1.000000e+002,  3.395388e+002 
1.000000e+002,  3.382987e+002 
1.000000e+002,  3.370221e+002 
1.000000e+002,  3.357091e+002 
1.000000e+002,  3.343596e+002 
1.000000e+002,  3.329737e+002 
1.000000e+002,  3.315512e+002 
1.000000e+002,  3.300923e+002 
1.000000e+002,  3.285969e+002 
1.000000e+002,  3.270651e+002 
1.000000e+002,  3.254967e+002 
1.000000e+002,  3.238919e+002 
1.000000e+002,  3.222507e+002 
1.000000e+002,  3.205729e+002 
1.000000e+002,  3.188587e+002 
1.000000e+002,  3.171080e+002 
1.000000e+002,  3.153208e+002 
1.000000e+002,  3.134972e+002 
1.000000e+002,  3.116371e+002 
1.000000e+002,  3.097405e+002 
1.000000e+002,  3.078074e+002 
1.000000e+002,  3.058379e+002 
1.000000e+002,  3.038319e+002 
1.000000e+002,  3.017894e+002 
1.000000e+002,  2.997105e+002 
1.000000e+002,  2.975950e+002 
1.000000e+002,  2.954431e+002 
1.000000e+002,  2.932548e+002 
1.000000e+002,  2.910299e+002 
1.000000e+002,  2.887686e+002 
1.000000e+002,  2.864708e+002 
1.000000e+002,  2.841366e+002 
1.000000e+002,  2.817658e+002 
1.000000e+002,  2.793586e+002 
1.000000e+002,  2.769150e+002 
1.000000e+002,  2.744348e+002 
1.000000e+002,  2.719182e+002 
1.000000e+002,  2.693651e+002 
9.999999e+001,  2.667755e+002 
9.999999e+001,  2.641495e+002 
9.999999e+001,  2.614870e+002 
9.999999e+001,  2.587880e+002 
9.999998e+001,  2.560525e+002 
9.999998e+001,  2.532806e+002 
9.999998e+001,  2.504722e+002 
9.999997e+001,  2.476273e+002 
9.999996e+001,  2.447459e+002 
9.999995e+001,  2.418281e+002 
9.999994e+001,  2.388738e+002 
9.999992e+001,  2.358831e+002 
9.999990e+001,  2.328558e+002 
9.999988e+001,  2.297921e+002 
9.999985e+001,  2.266919e+002 
9.999982e+001,  2.235553e+002 
9.999978e+001,  2.203821e+002 
9.999973e+001,  2.171725e+002 
9.999967e+001,  2.139264e+002 
9.999959e+001,  2.106439e+002 
9.999951e+001,  2.073249e+002 
9.999940e+001,  2.039694e+002 
9.999928e+001,  2.005774e+002 
9.999913e+001,  1.971490e+002 
9.999895e+001,  1.936841e+002 
9.999874e+001,  1.901827e+002 
9.999849e+001,  1.866448e+002 
9.999820e+001,  1.830705e+002 
9.999785e+001,  1.794597e+002 
9.999745e+001,  1.758124e+002 
9.999697e+001,  1.721287e+002 
9.999642e+001,  1.684085e+002 
9.999577e+001,  1.646518e+002 
9.999501e+001,  1.608586e+002 
9.999414e+001,  1.570290e+002 
9.999312e+001,  1.531629e+002 
9.999194e+001,  1.492603e+002 
9.999058e+001,  1.453213e+002 
9.998901e+001,  1.413458e+002 
9.998721e+001,  1.373339e+002 
9.998514e+001,  1.332855e+002 
9.998276e+001,  1.292006e+002 
9.998004e+001,  1.250792e+002 
9.997694e+001,  1.209214e+002 
9.997341e+001,  1.167272e+002 
9.996938e+001,  1.124965e+002 
9.996481e+001,  1.082293e+002 
9.995963e+001,  1.039257e+002 
9.995377e+001,  9.958566e+001 
9.994714e+001,  9.520917e+001 
9.993966e+001,  9.079625e+001 
9.993124e+001,  8.634690e+001 
9.992178e+001,  8.186112e+001 
9.991115e+001,  7.733893e+001 
9.989924e+001,  7.278034e+001 
9.988591e+001,  6.818534e+001 
9.987102e+001,  6.355395e+001 
9.985440e+001,  5.888618e+001 
9.983590e+001,  5.418205e+001 
9.981531e+001,  4.944157e+001 
9.979246e+001,  4.466474e+001 
9.976711e+001,  3.985160e+001 
9.973905e+001,  3.500215e+001 
9.970802e+001,  3.011642e+001 
9.967376e+001,  2.519442e+001 
9.963599e+001,  2.023620e+001 
9.959440e+001,  1.524176e+001 
9.954868e+001,  1.021115e+001 
9.949849e+001,  5.144400e+000 
9.944345e+001,  4.153000e-002 
9.938320e+001,  3.549026e+002 
9.931731e+001,  3.497276e+002 
9.924536e+001,  3.445167e+002 
9.916690e+001,  3.392699e+002 
9.908144e+001,  3.339871e+002 
9.898850e+001,  3.286686e+002 
9.888753e+001,  3.233143e+002 
9.877799e+001,  3.179244e+002 
9.865931e+001,  3.124989e+002 
9.853088e+001,  3.070378e+002 
9.839208e+001,  3.015414e+002 
9.824225e+001,  2.960097e+002 
9.808073e+001,  2.904427e+002 
9.790680e+001,  2.848407e+002 
9.771976e+001,  2.792037e+002 
9.751886e+001,  2.735319e+002 
9.730332e+001,  2.678254e+002 
9.707236e+001,  2.620843e+002 
9.682519e+001,  2.563089e+002 
9.656096e+001,  2.504993e+002 
9.627885e+001,  2.446557e+002 
9.597799e+001,  2.387783e+002 
9.565752e+001,  2.328673e+002 
9.531655e+001,  2.269229e+002 
9.495421e+001,  2.209454e+002 
9.456959e+001,  2.149350e+002 
9.416180e+001,  2.088920e+002 
9.372995e+001,  2.028166e+002 
9.327313e+001,  1.967092e+002 
9.279046e+001,  1.905700e+002 
9.228106e+001,  1.843995e+002 
9.174405e+001,  1.781979e+002 
9.117860e+001,  1.719656e+002 
9.058386e+001,  1.657030e+002 
8.995903e+001,  1.594104e+002 
8.930333e+001,  1.530883e+002 
8.861601e+001,  1.467372e+002 
8.789637e+001,  1.403574e+002 
8.714372e+001,  1.339494e+002 
8.635745e+001,  1.275137e+002 
8.553698e+001,  1.210509e+002 
8.468179e+001,  1.145613e+002 
8.379142e+001,  1.080456e+002 
8.286546e+001,  1.015043e+002 
8.190360e+001,  9.493792e+001 
8.090556e+001,  8.834708e+001 
7.987117e+001,  8.173238e+001 
7.880032e+001,  7.509441e+001 
7.769300e+001,  6.843379e+001 
7.654929e+001,  6.175115e+001 
7.536933e+001,  5.504714e+001 
7.415339e+001,  4.832242e+001 
7.290184e+001,  4.157763e+001 
7.161514e+001,  3.481347e+001 
7.029384e+001,  2.803059e+001 
6.893863e+001,  2.122970e+001 
6.755030e+001,  1.441147e+001 
6.612973e+001,  7.576600e+000 
6.467794e+001,  7.257800e-001 
6.319606e+001,  3.538597e+002 
6.168532e+001,  3.469791e+002 
6.014708e+001,  3.400845e+002 
5.858280e+001,  3.331768e+002 
5.699408e+001,  3.262566e+002 
5.538262e+001,  3.193245e+002 
5.375021e+001,  3.123812e+002 
5.209879e+001,  3.054274e+002 
5.043038e+001,  2.984637e+002 
4.874712e+001,  2.914907e+002 
4.705123e+001,  2.845091e+002 
4.534505e+001,  2.775194e+002 
4.363100e+001,  2.705221e+002 
4.191160e+001,  2.635180e+002 
4.018943e+001,  2.565074e+002 
3.846717e+001,  2.494909e+002 
3.674756e+001,  2.424691e+002 
3.503339e+001,  2.354423e+002 
3.332754e+001,  2.284110e+002 
3.163291e+001,  2.213757e+002 
2.995246e+001,  2.143367e+002 
2.828916e+001,  2.072945e+002 
2.664603e+001,  2.002494e+002 
2.502609e+001,  1.932016e+002 
2.343237e+001,  1.861516e+002 
2.186791e+001,  1.790995e+002 
2.033573e+001,  1.720458e+002 
1.883882e+001,  1.649905e+002 
1.738015e+001,  1.579339e+002 
1.596266e+001,  1.508762e+002 
1.458923e+001,  1.438176e+002 
1.326267e+001,  1.367582e+002 
1.198575e+001,  1.296982e+002 
1.076113e+001,  1.226377e+002 
9.591422e+000,  1.155767e+002 
8.479112e+000,  1.085154e+002 
7.426597e+000,  1.014538e+002 
6.436158e+000,  9.439204e+001 
5.509957e+000,  8.733012e+001 
4.650029e+000,  8.026808e+001 
3.858274e+000,  7.320597e+001 
3.136451e+000,  6.614380e+001 
2.486171e+000,  5.908160e+001 
1.908892e+000,  5.201938e+001 
1.405913e+000,  4.495714e+001 
9.783680e-001,  3.789489e+001 
6.272263e-001,  3.083264e+001 
3.532841e-001,  2.377039e+001 
1.571644e-001,  1.670814e+001 
3.931350e-002,  9.645890e+000 
##END 
