P 0
247.947885   247.661598
244.837415   244.558865
244.071403   243.700004
233.107382   232.828832
229.741574   229.385649
229.300537   228.998775
220.541699   220.247675
214.785008   214.490983
210.575814   210.312739
206.614219   206.304720
202.165163   201.847926
197.205433   196.934620
190.411917   190.032780
185.514087   185.212325
180.461506   180.167482
179.935357   179.641333
178.519397   178.194422
173.722153   173.404916
169.799247   169.543909
169.110610   168.808848
165.651952   165.357928
163.570568   163.268806
161.404071   161.102309
160.367247   160.065485
158.750112   158.378713
158.022788   157.736501
157.357364   157.040127
154.215944   153.906444
149.643088   149.380013
144.366120   144.064358
140.567013   140.296201
137.355955   137.085143
136.458406   136.102482
132.945586   132.651562
130.663027   130.376740
129.989866   129.541091
128.109656   127.800156
125.347372   125.022398
124.387924   124.024262
123.026125   122.677938
121.764915   121.455415
121.114966   120.573341
119.691268   119.374031
116.882559   116.611747
113.625076   113.307839
112.456715   112.170428
110.042619   109.400407
106.375049   106.073287
102.444405   102.181330
97.151962   96.834725
94.575378   94.281354
88.934749   88.632987
85.615366   85.313604
84.029181   83.766106
79.425375   78.783163
78.404026   78.117739
77.452315   77.111866
76.647616   76.314904
75.339981   75.022744
71.177212   70.914137
70.310613   69.923738
69.838626   69.505914
69.505914   69.126777
68.469090   68.012579
67.718554   67.463217
64.886633   64.623558
64.414646   64.128359
54.634460   54.324961
50.541328   50.092554
48.955143   48.328407
47.338008   46.881496
46.401772   46.076797
32.776054   32.489767
30.300057   30.029245
25.595664   25.247477
22.160219   21.572170
20.868058   20.589509
19.165811   18.817624
18.600974   18.275999
16.689814   16.426739
14.608430   14.059068
12.341345   12.031846
8.905900   8.580926
8.263689   7.977401
7.412565   7.141753
4.247932   3.984857
-1.090936   -1.415910
