##TITLE= Parameter file, TopSpin 3.8.0
##JCAMPDX= 5.0
##DATATYPE= Parameter Values
##NPOINTS= 16	$$ modification sequence number
##ORIGIN= Bruker BioSpin GmbH
##OWNER= nmrsu
$$ 2026-07-15 17:53:54.351 +0200  UNI-MAINZ\liermann@OCNMR60
$$ C:/Git/lucy-ng/data/cmpd_JL_20260701/12/pdata/1/clevels
$$ process C:\Bruker\TopSpin3.8.0\prog\mod\dataserver.exe
##$LEVELS= (0..255)
-5792271.11647679 -3217928.39804266 -1787737.99891259 -993187.777173661
-551770.987318701 -306539.437399278 -170299.687444043 -94610.937468913
94610.937468913 170299.687444043 306539.437399278 551770.987318701 993187.777173661
1787737.99891259 3217928.39804266 5792271.11647679 0 0 0 0 0 0 0 0 0 0
0 0 0 0 0 0 0 0 0 0 0 0 0 0 0 0 0 0 0 0 0 0 0 0 0 0 0 0 0 0 0 0 0 0 0 0
0 0 0 0 0 0 0 0 0 0 0 0 0 0 0 0 0 0 0 0 0 0 0 0 0 0 0 0 0 0 0 0 0 0 0 0
0 0 0 0 0 0 0 0 0 0 0 0 0 0 0 0 0 0 0 0 0 0 0 0 0 0 0 0 0 0 0 0 0 0 0 0
0 0 0 0 0 0 0 0 0 0 0 0 0 0 0 0 0 0 0 0 0 0 0 0 0 0 0 0 0 0 0 0 0 0 0 0
0 0 0 0 0 0 0 0 0 0 0 0 0 0 0 0 0 0 0 0 0 0 0 0 0 0 0 0 0 0 0 0 0 0 0 0
0 0 0 0 0 0 0 0 0 0 0 0 0 0 0 0 0 0 0 0 0 0 0 0 0 0 0 0 0 0 0 0 0 0 0 0
0 0 0 0 0 0 0 0 0 0 0 0 0 0
##$LEVSIGN= 3
##$MAXLEV= 8
##$METHOD= 0
##$NEGBASE= -3516
##$NEGINCR= 1.8
##$POSBASE= 3516
##$POSINCR= 1.8
##END=
