##TITLE= Parameter file, TopSpin 3.6.2
##JCAMPDX= 5.0
##DATATYPE= Parameter Values
##NPOINTS= 1	$$ modification sequence number
##ORIGIN= Bruker BioSpin GmbH
##OWNER= nmrsu
$$ 2020-02-28 11:44:09.776 +0100  nmrsu@AVHD600
$$ C:/NMR-Data/disk2/nmrsu/PSP-SSEA-3/6/pdata/1/clevels
$$ process C:\Bruker\TopSpin3.6.2\prog\mod\dirdata.exe
##$LEVELS= (0..255)
-155635.721528108 -130707.359171827 -109771.802860744 -92189.5200059647
-77423.4127293314 -65022.4107715123 -54607.6923439151 -45861.1120034657
-38515.4820487262 -32346.4105565876 -27165.4467305291 -22814.3241667637
-19160.1261834297 -16091.2255248728 -13513.8744084183 -11349.3407474909
-9531.50306935053 -8004.830657774 -6722.68721873313 -5645.90625 5645.90625
6722.68721873313 8004.830657774 9531.50306935053 11349.3407474909 13513.8744084183
16091.2255248728 19160.1261834297 22814.3241667637 27165.4467305291 32346.4105565876
38515.4820487262 45861.1120034657 54607.6923439151 65022.4107715123 77423.4127293314
92189.5200059647 109771.802860744 130707.359171827 155635.721528108 0 0
0 0 0 0 0 0 0 0 0 0 0 0 0 0 0 0 0 0 0 0 0 0 0 0 0 0 0 0 0 0 0 0 0 0 0 0
0 0 0 0 0 0 0 0 0 0 0 0 0 0 0 0 0 0 0 0 0 0 0 0 0 0 0 0 0 0 0 0 0 0 0 0
0 0 0 0 0 0 0 0 0 0 0 0 0 0 0 0 0 0 0 0 0 0 0 0 0 0 0 0 0 0 0 0 0 0 0 0
0 0 0 0 0 0 0 0 0 0 0 0 0 0 0 0 0 0 0 0 0 0 0 0 0 0 0 0 0 0 0 0 0 0 0 0
0 0 0 0 0 0 0 0 0 0 0 0 0 0 0 0 0 0 0 0 0 0 0 0 0 0 0 0 0 0 0 0 0 0 0 0
0 0 0 0 0 0 0 0 0 0 0 0 0 0 0 0 0 0 0 0 0 0 0 0 0 0 0 0 0 0 0 0 0 0
##$LEVSIGN= 0
##$MAXLEV= 20
##$METHOD= 0
##$NEGBASE= -5645.90625
##$NEGINCR= 1.19071888923645
##$POSBASE= 5645.90625
##$POSINCR= 1.19071888923645
##END=
